	11 Mar    07:40:08  470   11    15    24    17    28
	2000
	11 Mar    14:10:40  363   11    12    22    9     26
	2000
	11 Mar    13:37:04  423   10    12    27    7     33
	2000
	11 Mar    10:27:28  420   10    17    26    9     30
	2000
	11 Mar    08:47:36  366   10    12    20    10    26
	2000
	11 Mar    15:38:16  335   10    13    21    6     27
	2000
	11 Mar    13:49:20  482   9     14    26    14    30
	2000
	11 Mar    08:49:52  438   9     14    29    5     37
	2000
	11 Mar    10:22:00  417   9     13    22    12    30
	2000
	11 Mar    06:57:28  390   9     11    22    10    30
	2000
	11 Mar    13:46:32  385   9     10    20    11    26
	2000
	11 Mar    13:20:16  368   9     10    19    9     29
	2000
	11 Mar    08:06:32  366   9     10    21    11    25
	2000
	11 Mar    15:00:32  497   8     16    28    13    33
	2000
	11 Mar    12:09:04  474   8     13    27    11    33
	2000
	11 Mar    15:29:12  452   8     13    26    16    30
	2000
	11 Mar    14:26:56  424   8     13    21    13    29
	2000
	11 Mar    06:30:16  417   8     10    26    9     32
	2000
	11 Mar    09:25:36  406   8     12    26    9     29
	2000
	11 Mar    08:26:24  394   8     13    24    10    29
	2000
	11 Mar    15:07:04  359   8     13    21    8     29
	2000
	11 Mar    07:56:00  353   8     12    20    9     24
	2000
	11 Mar    09:19:28  350   8     10    22    7     28
	2000
	11 Mar    09:36:48  348   8     11    20    10    22
	2000
	11 Mar    07:46:40  477   7     15    25    17    29
	2000
	11 Mar    09:23:28  473   7     15    27    12    35
	2000
	11 Mar    09:44:32  449   7     13    23    12    31
	2000
	11 Mar    10:15:36  435   7     13    25    11    31
	2000
	11 Mar    08:16:24  430   7     11    22    14    30
	2000
	11 Mar    06:06:56  424   7     16    24    11    31
	2000
	11 Mar    15:51:20  414   7     14    27    8     33
	2000
	11 Mar    07:41:20  412   7     14    24    12    27
	2000
	11 Mar    15:10:00  407   7     15    25    10    26
	2000
	11 Mar    14:07:04  406   7     11    23    11    25
	2000
	11 Mar    10:28:32  406   7     14    25    9     31
	2000
	11 Mar    11:48:40  389   7     10    23    8     30
	2000
	11 Mar    09:40:32  388   7     14    25    10    28
	2000
	11 Mar    13:52:32  384   7     9     20    12    25
	2000
	11 Mar    07:54:48  379   7     11    21    7     32
	2000
	11 Mar    11:33:52  378   7     12    22    8     28
	2000
	11 Mar    06:48:56  369   7     9     19    9     24
	2000
	11 Mar    15:40:48  367   7     10    22    7     24
	2000
	11 Mar    06:04:56  359   7     12    24    8     32
	2000
	11 Mar    14:30:48  356   7     15    21    10    28
	2000
	11 Mar    08:00:32  356   7     13    21    8     29
	2000
	11 Mar    08:08:48  349   7     12    22    5     31
	2000
	11 Mar    14:19:36  348   7     11    21    8     25
	2000
	11 Mar    12:12:56  347   7     10    20    8     27
	2000
	11 Mar    11:00:48  336   7     11    20    6     28
	2000
	11 Mar    08:32:32  333   7     10    20    8     22
	2000
	11 Mar    12:58:24  506   6     12    27    14    38
	2000
	11 Mar    15:44:40  489   6     13    28    15    31
	2000
	11 Mar    15:49:36  474   6     11    26    14    31
	2000
	11 Mar    13:41:12  467   6     10    25    12    34
	2000
	11 Mar    11:09:12  450   6     9     22    15    33
	2000
	11 Mar    13:18:56  431   6     10    25    9     30
	2000
	11 Mar    07:25:20  411   6     8     23    11    31
	2000
	11 Mar    09:02:00  400   6     12    21    10    30
	2000
	11 Mar    09:29:12  399   6     10    21    11    29
	2000
	11 Mar    08:01:36  399   6     11    24    11    29
	2000
	11 Mar    08:28:24  395   6     13    20    9     29
	2000
	11 Mar    14:44:00  393   6     8     22    9     27
	2000
	11 Mar    10:25:52  391   6     11    21    13    23
	2000
	11 Mar    14:00:40  375   6     13    19    11    27
	2000
	11 Mar    15:54:08  374   6     9     19    10    27
	2000
	11 Mar    10:00:00  369   6     12    21    9     26
	2000
	11 Mar    06:23:28  351   6     10    19    10    23
	2000
	11 Mar    13:31:44  349   6     10    18    8     28
	2000
	11 Mar    14:55:36  342   6     11    18    12    23
	2000
	11 Mar    15:15:28  340   6     10    17    9     26
	2000
	11 Mar    11:45:36  333   6     9     18    7     26
	2000
	11 Mar    10:39:20  510   5     9     28    13    34
	2000
	11 Mar    15:24:56  467   5     17    24    12    33
	2000
	11 Mar    11:27:52  435   5     8     25    10    30
	2000
	11 Mar    06:31:28  434   5     11    26    7     36
	2000
	11 Mar    11:28:56  431   5     9     24    9     30
	2000
	11 Mar    07:37:12  426   5     11    26    7     33
	2000
	11 Mar    14:42:56  422   5     15    23    13    28
	2000
	11 Mar    10:03:44  421   5     9     23    10    34
	2000
	11 Mar    12:29:20  417   5     12    23    14    25
	2000
	11 Mar    07:49:20  412   5     9     24    10    28
	2000
	11 Mar    11:13:36  399   5     11    22    10    29
	2000
	11 Mar    11:21:20  395   5     10    22    10    27
	2000
	11 Mar    11:19:52  392   5     11    23    9     23
	2000
	11 Mar    14:46:32  384   5     12    22    10    26
	2000
	11 Mar    15:36:00  382   5     11    22    12    26
	2000
	11 Mar    13:08:40  380   5     10    22    9     28
	2000
	11 Mar    11:22:48  380   5     9     20    7     33
	2000
	11 Mar    10:12:00  377   5     15    25    9     27
	2000
	11 Mar    07:20:08  376   5     9     21    8     34
	2000
	11 Mar    12:17:04  371   5     11    21    8     26
	2000
	11 Mar    14:58:24  367   5     11    20    9     25
	2000
	11 Mar    09:31:52  357   5     10    20    10    24
	2000
	11 Mar    09:12:48  355   5     8     18    11    24
	2000
	11 Mar    10:53:20  354   5     13    20    9     27
	2000
	11 Mar    08:23:12  351   5     10    19    11    23
	2000
	11 Mar    12:26:40  348   5     13    22    7     29
	2000
	11 Mar    08:18:08  342   5     7     20    8     26
	2000
	11 Mar    10:33:28  341   5     9     21    8     27
	2000
	11 Mar    12:41:04  328   5     11    17    8     27
	2000
	11 Mar    09:21:04  441   4     11    23    15    28
	2000
	11 Mar    11:36:00  428   4     12    26    9     31
	2000
	11 Mar    15:26:56  424   4     9     24    12    27
	2000
	11 Mar    10:02:32  407   4     9     21    13    28
	2000
	11 Mar    08:15:12  403   4     8     20    14    26
	2000
	11 Mar    08:22:08  390   4     13    21    12    24
	2000
	11 Mar    15:30:32  388   4     6     20    12    27
	2000
	11 Mar    11:50:32  383   4     5     20    8     28
	2000
	11 Mar    11:31:04  379   4     8     20    9     34
	2000
	11 Mar    11:06:08  373   4     10    23    10    26
	2000
	11 Mar    13:10:08  358   4     10    21    7     28
	2000
	11 Mar    14:20:56  354   4     10    21    9     28
	2000
	11 Mar    10:05:44  353   4     11    19    11    23
	2000
	11 Mar    10:06:48  351   4     9     19    11    22
	2000
	11 Mar    06:10:48  349   4     9     22    5     30
	2000
	11 Mar    15:08:32  344   4     9     18    10    25
	2000
	11 Mar    09:17:36  344   4     8     20    9     23
	2000
	11 Mar    07:31:44  340   4     8     19    6     31
	2000
	11 Mar    15:20:08  340   4     11    21    5     29
	2000
	11 Mar    13:32:48  339   4     7     17    9     26
	2000
	11 Mar    09:47:04  338   4     8     16    11    24
	2000
	11 Mar    07:22:08  337   4     7     17    8     27
	2000
	11 Mar    11:51:44  335   4     7     21    5     26
	2000
	11 Mar    14:53:04  331   4     11    20    6     27
	2000
	11 Mar    13:53:36  331   4     10    18    9     25
	2000
	11 Mar    15:11:04  426   3     9     19    14    27
	2000
	11 Mar    11:26:48  413   3     7     23    11    27
	2000
	11 Mar    15:17:28  371   3     10    20    11    26
	2000
	11 Mar    08:03:04  368   3     9     18    8     30
	2000
	11 Mar    06:35:36  366   3     10    22    10    27
	2000
	11 Mar    11:59:36  365   3     10    22    10    29
	2000
	11 Mar    08:37:44  364   3     8     18    10    25
	2000
	11 Mar    13:44:16  362   3     9     21    7     26
	2000
	11 Mar    13:54:48  362   3     11    21    11    25
	2000
	11 Mar    12:05:20  360   3     10    19    13    23
	2000
	11 Mar    08:52:24  358   3     9     18    9     26
	2000
	11 Mar    10:18:56  350   3     10    18    11    27
	2000
	11 Mar    14:05:44  334   3     9     20    9     23
	2000
	11 Mar    13:06:48  330   3     10    20    10    24
	2000
	11 Mar    07:13:28  418   2     5     25    10    30
	2000
	11 Mar    09:05:04  404   2     9     24    6     34
	2000
	11 Mar    10:24:16  401   2     9     21    12    27
	2000
	11 Mar    11:39:36  401   2     8     24    10    29
	2000
	11 Mar    08:11:36  364   2     11    19    11    24
	2000
	11 Mar    08:42:32  341   2     10    22    9     24
	2000
	11 Mar    09:11:36  340   2     7     16    10    25
	2000
