     11 Mar    07:39:12  825   19    26    42    22    61
     2000
     11 Mar    13:33:20  710   16    23    43    16    52
     2000
     11 Mar    10:23:36  866   16    26    44    25    52
     2000
     11 Mar    13:46:24  905   15    21    46    31    55
     2000
     11 Mar    06:00:08  565   15    22    33    13    42
     2000
     11 Mar    08:47:36  670   15    21    38    17    52
     2000
     11 Mar    13:49:20  846   15    22    44    24    57
     2000
     11 Mar    06:17:44  671   15    25    42    16    54
     2000
     11 Mar    13:24:56  645   14    20    34    15    47
     2000
     11 Mar    09:48:24  577   14    18    30    13    42
     2000
     11 Mar    13:22:32  711   14    28    41    18    52
     2000
     11 Mar    07:46:40  917   13    29    49    26    64
     2000
     11 Mar    06:30:16  639   13    15    36    19    44
     2000
     11 Mar    08:15:44  707   13    19    38    21    52
     2000
     11 Mar    11:52:48  675   13    21    42    13    55
     2000
     11 Mar    11:20:00  695   13    22    37    17    48
     2000
     11 Mar    12:58:32  855   12    23    47    23    63
     2000
     11 Mar    13:08:48  674   12    22    38    17    52
     2000
     11 Mar    08:00:24  869   12    29    51    18    67
     2000
     11 Mar    07:14:56  711   12    19    40    16    54
     2000
     11 Mar    08:38:40  606   12    20    32    17    41
     2000
     11 Mar    13:36:56  685   12    18    40    14    51
     2000
     11 Mar    09:59:04  811   12    25    38    24    60
     2000
     11 Mar    13:40:24  730   12    23    40    20    55
     2000
     11 Mar    08:39:52  578   12    21    33    12    47
     2000
     11 Mar    06:27:52  600   12    16    36    15    47
     2000
     11 Mar    08:08:48  701   12    19    39    14    54
     2000
     11 Mar    09:25:04  755   11    23    44    20    49
     2000
     11 Mar    12:33:36  572   11    16    31    16    44
     2000
     11 Mar    09:30:56  741   11    21    41    15    53
     2000
     11 Mar    09:21:04  857   11    19    44    25    52
     2000
     11 Mar    12:08:56  784   11    19    42    19    59
     2000
     11 Mar    07:37:12  779   11    20    44    16    57
     2000
     11 Mar    07:06:00  552   11    16    33    11    42
     2000
     11 Mar    10:21:52  616   11    19    34    16    46
     2000
     11 Mar    11:30:32  650   11    20    34    15    54
     2000
     11 Mar    08:51:12  655   11    24    39    17    43
     2000
     11 Mar    11:17:44  674   11    17    33    16    52
     2000
     11 Mar    07:56:00  655   11    21    38    14    48
     2000
     11 Mar    09:51:36  630   11    15    37    17    43
     2000
     11 Mar    10:47:20  613   11    22    38    13    47
     2000
     11 Mar    09:54:56  672   11    19    40    15    49
     2000
     11 Mar    09:14:40  703   11    19    43    17    52
     2000
     11 Mar    07:48:32  812   11    24    51    14    63
     2000
     11 Mar    06:49:44  600   10    14    33    15    48
     2000
     11 Mar    11:22:08  726   10    17    39    18    53
     2000
     11 Mar    10:28:32  799   10    22    44    23    54
     2000
     11 Mar    10:02:16  709   10    17    35    22    48
     2000
     11 Mar    10:26:08  697   10    20    36    21    49
     2000
     11 Mar    07:04:08  641   10    18    35    19    49
     2000
     11 Mar    12:29:20  750   10    18    42    21    49
     2000
     11 Mar    08:06:08  692   10    17    40    18    52
     2000
     11 Mar    12:12:56  634   10    18    38    13    50
     2000
     11 Mar    10:57:44  645   10    14    36    16    47
     2000
     11 Mar    09:40:56  714   10    19    42    18    60
     2000
     11 Mar    11:33:52  647   10    17    34    14    51
     2000
     11 Mar    06:07:36  621   10    18    34    15    49
     2000
     11 Mar    06:57:28  636   10    18    37    16    50
     2000
     11 Mar    11:23:44  759   10    21    40    21    54
     2000
     11 Mar    06:31:28  615   10    15    35    11    54
     2000
     11 Mar    09:02:56  616   10    17    31    17    46
     2000
     11 Mar    07:20:40  575   10    12    32    12    46
     2000
     11 Mar    07:35:36  667   10    22    41    15    50
     2000
     11 Mar    08:56:40  604   9     16    33    18    42
     2000
     11 Mar    09:37:52  589   9     16    33    15    45
     2000
     11 Mar    11:27:52  826   9     19    46    20    60
     2000
     11 Mar    13:13:28  670   9     16    38    18    49
     2000
     11 Mar    08:03:04  668   9     16    41    13    50
     2000
     11 Mar    10:11:12  759   9     20    39    22    48
     2000
     11 Mar    08:43:20  665   9     22    34    17    48
     2000
     11 Mar    10:59:52  610   9     18    34    13    47
     2000
     11 Mar    09:17:20  704   9     16    39    19    48
     2000
     11 Mar    11:50:24  764   9     14    39    18    57
     2000
     11 Mar    09:23:28  718   9     20    40    20    52
     2000
     11 Mar    07:25:20  717   9     15    41    20    51
     2000
     11 Mar    10:14:56  676   9     16    36    18    50
     2000
     11 Mar    11:03:04  590   9     16    33    15    43
     2000
     11 Mar    11:09:12  715   9     16    37    19    53
     2000
     11 Mar    13:18:56  651   9     15    36    15    49
     2000
     11 Mar    12:32:16  634   9     14    35    17    47
     2000
     11 Mar    11:57:44  640   9     19    37    13    49
     2000
     11 Mar    11:41:20  627   9     14    33    15    50
     2000
     11 Mar    09:44:16  783   9     16    39    22    54
     2000
     11 Mar    09:56:24  645   9     17    36    16    47
     2000
     11 Mar    07:42:16  683   8     25    43    16    52
     2000
     11 Mar    06:20:08  682   8     19    39    19    53
     2000
     11 Mar    10:54:00  685   8     16    41    13    58
     2000
     11 Mar    08:01:36  680   8     18    38    17    52
     2000
     11 Mar    12:17:04  748   8     17    38    21    54
     2000
     11 Mar    07:13:44  709   8     13    39    19    47
     2000
     11 Mar    13:38:08  658   8     17    35    19    47
     2000
     11 Mar    07:54:00  710   8     22    40    21    50
     2000
     11 Mar    13:51:44  804   8     19    42    22    57
     2000
     11 Mar    13:44:16  803   8     22    45    21    54
     2000
     11 Mar    09:08:48  584   8     16    32    19    39
     2000
     11 Mar    11:01:12  590   8     15    39    12    47
     2000
     11 Mar    09:07:04  591   8     20    31    16    43
     2000
     11 Mar    09:01:44  596   8     19    31    15    44
     2000
     11 Mar    07:26:48  618   8     16    33    20    43
     2000
     11 Mar    07:51:12  612   8     16    32    12    50
     2000
     11 Mar    12:44:48  560   8     14    30    16    42
     2000
     11 Mar    11:34:56  627   7     16    34    14    46
     2000
     11 Mar    13:31:20  619   7     16    33    15    49
     2000
     11 Mar    12:20:40  559   7     14    33    14    47
     2000
     11 Mar    08:29:52  802   7     25    47    16    60
     2000
     11 Mar    12:24:32  560   7     12    30    15    39
     2000
     11 Mar    06:40:24  652   7     18    35    22    42
     2000
     11 Mar    10:33:28  652   7     19    35    16    51
     2000
     11 Mar    07:29:36  573   7     11    31    14    46
     2000
     11 Mar    13:57:36  579   7     14    29    16    45
     2000
     11 Mar    08:26:40  707   7     19    41    16    47
     2000
     11 Mar    10:18:16  609   7     18    32    21    42
     2000
     11 Mar    12:00:16  659   7     12    36    18    47
     2000
     11 Mar    06:13:20  604   7     19    29    19    43
     2000
     11 Mar    13:55:04  677   7     19    37    20    48
     2000
     11 Mar    06:56:08  603   7     13    34    13    47
     2000
     11 Mar    08:11:36  569   7     20    33    12    44
     2000
     11 Mar    09:05:04  781   7     20    47    15    60
     2000
     11 Mar    09:53:44  691   7     14    36    19    50
     2000
     11 Mar    11:14:56  697   7     11    39    19    50
     2000
     11 Mar    06:55:04  602   6     14    32    17    38
     2000
     11 Mar    11:13:36  596   6     12    29    15    48
     2000
     11 Mar    08:23:28  622   6     15    34    16    47
     2000
     11 Mar    09:11:04  592   6     17    34    17    39
     2000
     11 Mar    13:27:44  559   6     12    32    14    44
     2000
     11 Mar    07:32:00  654   6     14    40    12    47
     2000
     11 Mar    13:15:20  743   6     17    38    21    51
     2000
     11 Mar    11:37:36  742   6     16    43    14    55
     2000
     11 Mar    08:33:44  588   6     19    36    15    41
     2000
     11 Mar    12:26:40  556   6     15    36    10    45
     2000
     11 Mar    06:04:56  582   6     15    35    14    48
     2000
     11 Mar    07:18:00  580   6     16    31    14    45
     2000
     11 Mar    11:59:04  644   5     12    35    16    50
     2000
     11 Mar    06:10:48  712   5     22    43    17    54
     2000
     11 Mar    10:50:08  637   5     18    36    14    48
     2000
     11 Mar    10:05:44  617   5     15    35    17    47
     2000
     11 Mar    10:39:20  758   5     15    44    16    52
     2000
     11 Mar    08:22:08  635   5     21    36    17    41
     2000
     11 Mar    11:39:36  785   5     16    46    19    60
     2000
     11 Mar    12:35:28  600   4     15    36    14    49
     2000
     11 Mar    12:52:48  577   4     11    35    12    48
     2000
     11 Mar    08:36:56  638   4     10    31    16    47
     2000
     11 Mar    06:21:52  638   4     19    35    18    50
     2000
     11 Mar    12:05:36  602   4     15    33    18    43
     2000
     11 Mar    08:41:28  658   3     13    40    12    53
     2000
     11 Mar    06:35:36  560   3     9     31    13    45
     2000
     11 Mar    13:06:48  569   3     13    32    15    42
     2000
     11 Mar    12:22:00  557   2     10    34    15    38
     2000
     11 Mar    09:33:44  649   1     10    35    14    47
     2000
     11 Mar    11:06:40  636   1     7     35    13    53
     2000