     11 Mar    08:13:52  449   11    15    25    12    32
     2000
     11 Mar    13:46:16  427   11    13    21    14    29
     2000
     11 Mar    13:24:56  327   10    11    19    5     26
     2000
     11 Mar    08:47:36  464   10    17    28    12    33
     2000
     11 Mar    13:49:52  489   9     14    26    13    33
     2000
     11 Mar    08:00:16  386   9     17    24    8     32
     2000
     11 Mar    08:08:48  479   9     13    27    9     38
     2000
     11 Mar    08:54:40  382   9     13    21    10    27
     2000
     11 Mar    09:59:36  504   9     13    25    18    31
     2000
     11 Mar    11:19:52  456   9     15    26    11    29
     2000
     11 Mar    07:46:40  474   8     14    24    14    33
     2000
     11 Mar    08:26:16  497   8     15    27    14    32
     2000
     11 Mar    07:49:20  554   8     14    32    14    39
     2000
     11 Mar    10:15:36  413   8     13    23    9     29
     2000
     11 Mar    10:28:48  428   8     13    25    11    30
     2000
     11 Mar    12:23:44  394   8     12    23    11    28
     2000
     11 Mar    08:15:28  462   8     14    25    14    32
     2000
     11 Mar    09:28:08  335   8     16    22    7     25
     2000
     11 Mar    13:18:48  333   8     9     21    7     27
     2000
     11 Mar    07:05:52  396   8     11    25    9     30
     2000
     11 Mar    12:33:36  330   8     10    19    8     26
     2000
     11 Mar    13:59:36  334   8     12    19    9     23
     2000
     11 Mar    09:39:36  360   8     16    23    7     30
     2000
     11 Mar    07:14:48  404   8     12    24    10    29
     2000
     11 Mar    08:01:36  421   8     12    21    13    30
     2000
     11 Mar    08:44:56  437   8     14    24    10    32
     2000
     11 Mar    12:34:40  317   8     12    20    6     23
     2000
     11 Mar    07:09:44  388   8     11    21    9     27
     2000
     11 Mar    11:27:28  498   7     11    28    13    36
     2000
     11 Mar    12:09:04  437   7     12    26    9     33
     2000
     11 Mar    12:39:04  352   7     8     20    11    25
     2000
     11 Mar    10:45:44  342   7     13    17    11    26
     2000
     11 Mar    11:28:48  470   7     11    25    11    32
     2000
     11 Mar    09:44:48  433   7     13    24    13    29
     2000
     11 Mar    09:55:04  381   7     9     24    8     29
     2000
     11 Mar    09:02:56  457   7     13    25    14    30
     2000
     11 Mar    08:28:40  464   7     14    27    10    32
     2000
     11 Mar    07:45:36  466   7     10    28    14    33
     2000
     11 Mar    10:57:44  369   7     9     21    10    26
     2000
     11 Mar    10:59:52  405   7     13    23    10    30
     2000
     11 Mar    13:22:32  414   7     17    24    10    31
     2000
     11 Mar    09:20:40  397   7     11    22    11    29
     2000
     11 Mar    08:56:24  332   6     10    19    8     24
     2000
     11 Mar    13:55:04  421   6     14    24    11    31
     2000
     11 Mar    08:36:24  333   6     11    19    9     23
     2000
     11 Mar    11:13:28  447   6     12    24    12    33
     2000
     11 Mar    07:26:40  448   6     11    25    13    30
     2000
     11 Mar    09:14:40  415   6     10    25    11    29
     2000
     11 Mar    09:36:48  332   6     8     20    8     22
     2000
     11 Mar    11:43:52  316   6     11    19    6     25
     2000
     11 Mar    10:24:00  474   6     13    25    14    33
     2000
     11 Mar    13:41:28  460   6     11    24    13    36
     2000
     11 Mar    08:20:40  302   6     12    18    10    20
     2000
     11 Mar    07:37:12  409   6     12    25    8     31
     2000
     11 Mar    09:09:20  336   6     11    18    10    24
     2000
     11 Mar    11:03:04  371   6     11    20    12    25
     2000
     11 Mar    10:12:48  405   6     13    27    7     31
     2000
     11 Mar    12:32:00  365   6     9     22    9     25
     2000
     11 Mar    13:26:40  363   6     12    20    8     29
     2000
     11 Mar    10:37:44  339   6     11    19    10    25
     2000
     11 Mar    10:36:00  341   6     9     19    11    25
     2000
     11 Mar    11:45:20  357   6     11    23    8     27
     2000
     11 Mar    07:39:28  348   6     7     16    9     30
     2000
     11 Mar    13:20:48  347   6     11    21    7     25
     2000
     11 Mar    10:51:12  390   6     10    20    14    24
     2000
     11 Mar    09:30:56  394   6     12    23    9     28
     2000
     11 Mar    09:51:36  346   6     10    21    9     23
     2000
     11 Mar    13:11:12  343   6     15    19    9     25
     2000
     11 Mar    07:40:48  392   6     13    23    10    29
     2000
     11 Mar    13:32:48  429   5     8     23    11    30
     2000
     11 Mar    07:04:00  394   5     12    23    13    27
     2000
     11 Mar    07:27:52  426   5     10    27    8     32
     2000
     11 Mar    11:59:04  421   5     11    22    10    34
     2000
     11 Mar    10:52:32  437   5     10    22    12    32
     2000
     11 Mar    07:25:04  419   5     10    24    10    31
     2000
     11 Mar    13:08:48  440   5     12    23    12    33
     2000
     11 Mar    13:13:12  399   5     7     22    10    28
     2000
     11 Mar    08:50:00  446   5     12    29    8     35
     2000
     11 Mar    13:38:24  383   5     8     19    12    25
     2000
     11 Mar    10:33:36  480   5     13    27    14    33
     2000
     11 Mar    08:41:12  449   5     12    24    12    36
     2000
     11 Mar    13:31:44  413   5     10    22    10    33
     2000
     11 Mar    12:45:20  411   5     12    22    12    26
     2000
     11 Mar    11:37:44  456   5     12    28    8     31
     2000
     11 Mar    07:11:28  405   5     8     23    8     31
     2000
     11 Mar    07:18:00  296   5     10    18    5     24
     2000
     11 Mar    10:43:04  304   5     8     18    7     24
     2000
     11 Mar    08:22:08  309   5     12    19    8     22
     2000
     11 Mar    11:10:00  354   5     9     23    6     28
     2000
     11 Mar    09:47:04  354   5     12    19    10    24
     2000
     11 Mar    13:52:08  325   5     7     18    7     26
     2000
     11 Mar    08:23:28  327   5     10    19    7     28
     2000
     11 Mar    07:54:48  340   5     12    21    5     30
     2000
     11 Mar    09:00:24  341   5     14    24    6     26
     2000
     11 Mar    08:06:08  358   5     7     19    10    25
     2000
     11 Mar    12:40:24  342   5     11    19    8     24
     2000
     11 Mar    12:52:48  360   5     11    21    8     30
     2000
     11 Mar    11:31:28  344   5     12    23    6     28
     2000
     11 Mar    07:56:40  359   5     10    21    9     26
     2000
     11 Mar    10:03:52  358   5     11    20    8     29
     2000
     11 Mar    13:06:48  375   4     9     22    9     27
     2000
     11 Mar    10:01:52  373   4     9     21    10    26
     2000
     11 Mar    10:39:20  369   4     11    19    7     27
     2000
     11 Mar    08:52:08  373   4     12    24    7     29
     2000
     11 Mar    10:06:48  354   4     9     21    10    23
     2000
     11 Mar    13:10:00  354   4     11    22    8     25
     2000
     11 Mar    13:15:20  438   4     10    22    13    31
     2000
     11 Mar    09:50:08  349   4     10    20    8     26
     2000
     11 Mar    09:12:56  384   4     9     20    9     29
     2000
     11 Mar    07:32:00  478   4     9     29    10    32
     2000
     11 Mar    11:57:20  389   4     11    22    8     26
     2000
     11 Mar    09:34:40  324   4     9     18    7     23
     2000
     11 Mar    13:44:16  390   4     13    22    10    26
     2000
     11 Mar    13:04:48  390   4     10    22    9     30
     2000
     11 Mar    11:42:40  322   4     7     16    5     33
     2000
     11 Mar    11:50:32  432   4     6     22    10    32
     2000
     11 Mar    12:07:44  320   4     8     18    8     27
     2000
     11 Mar    07:22:08  392   4     7     21    10    31
     2000
     11 Mar    12:04:56  429   4     11    24    11    32
     2000
     11 Mar    08:11:12  427   4     11    24    8     31
     2000
     11 Mar    09:10:24  297   4     9     15    7     24
     2000
     11 Mar    11:22:08  416   4     9     23    9     33
     2000
     11 Mar    09:29:12  337   4     7     18    8     26
     2000
     11 Mar    13:43:04  404   4     8     20    13    27
     2000
     11 Mar    09:18:16  413   4     11    25    11    32
     2000
     11 Mar    12:13:28  406   3     8     23    8     35
     2000
     11 Mar    11:55:12  338   3     6     19    9     22
     2000
     11 Mar    09:05:04  420   3     11    26    9     33
     2000
     11 Mar    07:52:56  365   3     8     20    7     29
     2000
     11 Mar    10:40:40  361   3     6     19    11    28
     2000
     11 Mar    10:05:44  378   3     11    22    10    27
     2000
     11 Mar    10:26:00  342   3     10    17    10    26
     2000
     11 Mar    12:48:48  374   3     7     24    8     27
     2000
     11 Mar    12:29:28  435   3     6     26    12    30
     2000
     11 Mar    08:37:52  366   3     6     20    9     29
     2000
     11 Mar    09:23:20  383   3     10    21    10    29
     2000
     11 Mar    12:46:32  323   3     7     21    8     29
     2000
     11 Mar    09:21:52  384   3     9     21    11    27
     2000
     11 Mar    13:57:36  301   3     8     15    6     29
     2000
     11 Mar    11:39:36  474   3     8     26    14    33
     2000
     11 Mar    10:18:56  370   3     9     20    12    27
     2000
     11 Mar    12:58:40  443   3     12    24    11    35
     2000
     11 Mar    11:34:16  315   3     8     18    8     25
     2000
     11 Mar    12:17:04  368   3     9     19    11    27
     2000
     11 Mar    09:16:24  341   2     6     17    10    23
     2000
     11 Mar    08:34:48  328   2     5     18    7     26
     2000
     11 Mar    12:36:08  322   2     8     19    7     25
     2000
     11 Mar    12:50:32  300   2     6     16    6     27
     2000
     11 Mar    11:36:00  464   2     12    29    8     33
     2000
     11 Mar    07:13:28  403   1     5     22    10    29
     2000