     11 Mar    07:49:20  448   7     10    26    10    31
     2000
     11 Mar    05:35:44  409   6     13    26    10    29
     2000
     11 Mar    07:46:40  378   6     13    20    13    25
     2000
     11 Mar    05:37:04  366   2     13    21    8     27
     2000
     11 Mar    06:07:36  360   7     12    19    10    25
     2000
     11 Mar    07:26:00  360   5     8     19    12    24
     2000
     11 Mar    06:30:16  356   6     8     22    9     24
     2000
     11 Mar    07:31:44  350   4     10    22    7     26
     2000
     11 Mar    06:04:56  350   3     9     21    8     28
     2000
     11 Mar    05:59:28  347   5     12    23    6     25
     2000
     11 Mar    05:47:36  343   6     12    17    8     25
     2000
     11 Mar    07:27:36  336   7     11    21    8     24
     2000
     11 Mar    07:13:28  331   1     4     19    8     24
     2000
     11 Mar    07:04:00  328   5     11    19    10    22
     2000
     11 Mar    07:37:12  321   2     8     20    6     24
     2000
     11 Mar    06:56:40  318   6     7     20    6     23
     2000
     11 Mar    07:42:24  317   3     7     20    7     25
     2000
     11 Mar    07:38:40  312   6     9     17    9     22
     2000
     11 Mar    07:56:00  303   5     9     16    7     22
     2000
     11 Mar    05:55:04  298   4     10    15    9     18
     2000
     11 Mar    07:14:48  294   5     7     18    7     23
     2000
     11 Mar    07:53:52  290   4     8     17    9     19
     2000
     11 Mar    06:35:52  288   1     5     17    8     20
     2000
     11 Mar    06:17:20  285   3     6     17    8     20
     2000
     11 Mar    06:54:40  284   4     10    17    8     18
     2000
     11 Mar    07:20:40  284   7     8     17    7     21
     2000
     11 Mar    07:05:52  282   6     8     18    5     23
     2000
     11 Mar    05:56:24  281   5     7     15    7     22
     2000
     11 Mar    06:41:28  281   3     5     14    6     21
     2000
     11 Mar    08:00:08  280   9     15    19    4     24
     2000
     11 Mar    05:52:32  275   6     9     17    7     21
     2000
     11 Mar    06:26:48  266   5     10    16    4     24
     2000
     11 Mar    06:48:08  264   3     6     15    6     21
     2000
     11 Mar    06:20:16  262   5     9     16    6     22
     2000
     11 Mar    06:11:20  259   4     7     14    6     22
     2000
     11 Mar    06:09:44  259   4     7     16    5     22
     2000
     11 Mar    05:41:12  257   2     4     15    6     16
     2000
     11 Mar    07:11:04  252   4     7     16    5     20
     2000
     11 Mar    06:38:56  252   4     7     15    6     19
     2000
     11 Mar    06:15:12  248   4     7     15    5     21
     2000
     11 Mar    06:50:48  247   6     8     16    4     20
     2000
     11 Mar    07:57:52  245   5     9     17    6     18
     2000
     11 Mar    05:43:44  245   4     6     14    4     21
     2000
     11 Mar    07:16:48  245   6     10    15    6     18
     2000
     11 Mar    06:01:52  245   4     9     14    7     17
     2000
     11 Mar    07:34:32  242   3     8     16    4     20
     2000
     11 Mar    07:09:52  240   4     6     13    6     17
     2000
     11 Mar    06:23:28  239   5     8     14    6     17
     2000
     11 Mar    06:13:36  233   2     6     12    6     20
     2000
     11 Mar    05:32:56  224   3     6     14    5     19
     2000
     11 Mar    06:21:52  219   1     7     12    5     18
     2000
     11 Mar    07:08:40  214   4     9     16    5     18
     2000
     11 Mar    06:25:12  210   2     4     13    4     19
     2000
     11 Mar    06:44:40  206   1     2     11    3     19
     2000
     11 Mar    06:43:20  194   4     8     11    4     15
     2000
     11 Mar    06:52:32  192   6     6     12    5     13
     2000
     11 Mar    07:01:44  180   5     8     13    3     14
     2000
     11 Mar    05:30:32  159   2     4     8     3     15
     2000