     11 Mar    07:39:12  569   15    18    29    15    44
     2000
     11 Mar    08:40:00  560   15    20    29    15    41
     2000
     11 Mar    13:46:24  784   14    20    40    24    52
     2000
     11 Mar    10:27:20  626   14    22    38    12    47
     2000
     11 Mar    07:14:56  657   14    19    36    18    44
     2000
     11 Mar    12:09:04  610   14    22    36    13    45
     2000
     11 Mar    15:29:12  660   14    21    41    18    50
     2000
     11 Mar    11:49:12  565   13    17    37    11    44
     2000
     11 Mar    09:58:56  650   13    24    34    17    52
     2000
     11 Mar    05:48:24  711   13    22    37    26    44
     2000
     11 Mar    14:06:56  641   13    18    34    20    41
     2000
     11 Mar    14:27:28  712   12    21    39    18    47
     2000
     11 Mar    06:48:56  522   12    15    30    15    35
     2000
     11 Mar    10:26:00  624   12    22    36    18    40
     2000
     11 Mar    08:15:44  662   12    19    37    18    50
     2000
     11 Mar    08:47:52  618   12    20    33    18    46
     2000
     11 Mar    08:08:48  621   12    17    37    10    50
     2000
     11 Mar    13:13:12  621   11    15    33    18    44
     2000
     11 Mar    13:08:40  669   11    18    38    16    47
     2000
     11 Mar    09:21:04  788   11    19    41    22    48
     2000
     11 Mar    10:28:32  622   11    22    37    13    47
     2000
     11 Mar    06:40:16  661   11    22    38    20    47
     2000
     11 Mar    13:49:36  585   11    16    31    15    40
     2000
     11 Mar    07:46:40  640   11    21    36    19    46
     2000
     11 Mar    10:23:52  713   11    18    38    20    47
     2000
     11 Mar    06:30:00  535   11    13    33    14    39
     2000
     11 Mar    14:18:40  550   11    19    30    17    35
     2000
     11 Mar    08:50:08  631   11    19    42    11    49
     2000
     11 Mar    05:36:40  634   11    21    36    12    50
     2000
     11 Mar    10:12:00  656   10    22    38    15    44
     2000
     11 Mar    09:24:40  690   10    15    39    19    46
     2000
     11 Mar    11:59:36  698   10    21    44    18    51
     2000
     11 Mar    12:58:32  803   10    21    44    21    58
     2000
     11 Mar    14:36:56  525   10    18    29    14    40
     2000
     11 Mar    15:16:48  528   10    17    33    13    40
     2000
     11 Mar    09:29:20  543   10    14    31    10    45
     2000
     11 Mar    15:20:48  556   10    19    33    10    46
     2000
     11 Mar    15:00:32  577   10    19    35    12    44
     2000
     11 Mar    14:01:28  581   10    19    35    14    41
     2000
     11 Mar    10:47:12  584   10    21    37    11    46
     2000
     11 Mar    10:15:12  635   10    15    37    18    45
     2000
     11 Mar    07:27:52  601   10    19    38    15    46
     2000
     11 Mar    13:22:32  604   10    23    35    16    45
     2000
     11 Mar    12:32:16  611   10    15    34    14    45
     2000
     11 Mar    09:30:56  631   10    19    35    13    49
     2000
     11 Mar    09:39:20  624   10    16    36    13    44
     2000
     11 Mar    08:00:24  630   10    22    39    10    54
     2000
     11 Mar    14:43:52  651   9     18    36    19    42
     2000
     11 Mar    12:17:04  646   9     19    37    17    45
     2000
     11 Mar    12:29:28  750   9     18    43    18    52
     2000
     11 Mar    13:34:40  523   9     17    31    14    37
     2000
     11 Mar    07:48:32  696   9     20    44    12    56
     2000
     11 Mar    11:17:28  531   9     15    28    13    42
     2000
     11 Mar    12:45:20  588   9     16    33    18    44
     2000
     11 Mar    14:50:00  584   9     18    33    14    44
     2000
     11 Mar    08:43:20  661   9     21    34    15    50
     2000
     11 Mar    15:26:08  589   9     13    32    16    40
     2000
     11 Mar    11:50:24  665   9     20    39    12    54
     2000
     11 Mar    11:19:52  534   9     17    31    12    35
     2000
     11 Mar    12:12:56  538   9     14    31    12    42
     2000
     11 Mar    14:09:04  592   9     18    32    16    40
     2000
     11 Mar    11:33:52  580   9     17    32    13    43
     2000
     11 Mar    10:49:44  577   9     21    36    14    44
     2000
     11 Mar    10:03:44  547   9     17    32    10    44
     2000
     11 Mar    07:56:32  577   9     18    35    16    39
     2000
     11 Mar    07:37:12  563   9     16    34    11    41
     2000
     11 Mar    09:00:32  567   9     21    37    12    41
     2000
     11 Mar    13:36:32  609   9     19    36    13    47
     2000
     11 Mar    06:31:28  573   9     14    34    11    50
     2000
     11 Mar    05:44:40  577   9     15    32    13    45
     2000
     11 Mar    13:19:04  649   8     18    35    16    46
     2000
     11 Mar    09:02:16  633   8     20    36    15    45
     2000
     11 Mar    11:44:16  599   8     22    34    15    43
     2000
     11 Mar    09:08:48  610   8     17    34    18    40
     2000
     11 Mar    14:58:16  626   8     20    33    17    44
     2000
     11 Mar    07:54:00  613   8     20    34    19    40
     2000
     11 Mar    11:09:12  614   8     14    33    16    49
     2000
     11 Mar    08:28:24  662   8     21    34    17    46
     2000
     11 Mar    13:55:04  621   8     20    34    19    41
     2000
     11 Mar    10:21:28  660   8     17    38    17    48
     2000
     11 Mar    08:03:04  624   8     17    38    14    46
     2000
     11 Mar    15:24:56  656   8     25    42    12    51
     2000
     11 Mar    09:17:36  532   8     13    30    13    37
     2000
     11 Mar    11:01:12  584   8     15    36    15    44
     2000
     11 Mar    09:19:20  525   8     15    30    13    40
     2000
     11 Mar    07:20:08  532   8     16    32    8     48
     2000
     11 Mar    14:12:24  645   8     19    35    17    42
     2000
     11 Mar    07:24:24  541   8     13    29    14    42
     2000
     11 Mar    05:39:04  558   8     21    34    15    43
     2000
     11 Mar    11:22:08  583   8     14    32    14    42
     2000
     11 Mar    13:32:40  583   8     15    34    12    45
     2000
     11 Mar    14:30:56  582   8     19    32    14    44
     2000
     11 Mar    15:15:28  527   8     13    30    14    38
     2000
     11 Mar    14:46:32  635   8     17    36    15    44
     2000
     11 Mar    08:24:08  581   8     16    32    14    44
     2000
     11 Mar    08:06:08  576   8     17    35    14    45
     2000
     11 Mar    14:42:48  647   8     21    37    17    45
     2000
     11 Mar    06:18:00  550   8     17    32    14    44
     2000
     11 Mar    09:54:48  578   7     15    35    14    39
     2000
     11 Mar    06:56:16  594   7     13    33    13    47
     2000
     11 Mar    11:13:36  598   7     12    31    15    45
     2000
     11 Mar    14:40:24  588   7     19    31    18    39
     2000
     11 Mar    14:55:20  622   7     23    31    21    40
     2000
     11 Mar    08:33:28  600   7     18    37    14    43
     2000
     11 Mar    11:14:56  572   7     10    34    15    44
     2000
     11 Mar    08:26:40  634   7     18    38    14    43
     2000
     11 Mar    07:42:24  522   7     15    35    11    40
     2000
     11 Mar    09:14:40  571   7     14    34    14    42
     2000
     11 Mar    08:56:40  538   7     15    33    12    40
     2000
     11 Mar    11:27:52  708   7     15    38    19    47
     2000
     11 Mar    09:37:12  547   7     13    31    16    37
     2000
     11 Mar    08:01:36  546   7     15    33    13    43
     2000
     11 Mar    15:08:32  559   7     14    29    15    41
     2000
     11 Mar    09:44:24  676   7     15    33    20    46
     2000
     11 Mar    10:38:24  710   6     16    40    18    49
     2000
     11 Mar    10:08:48  610   6     19    33    16    44
     2000
     11 Mar    13:41:12  560   6     11    27    14    46
     2000
     11 Mar    13:15:20  714   6     18    39    18    50
     2000
     11 Mar    14:21:04  565   6     13    33    14    40
     2000
     11 Mar    10:33:36  606   6     17    35    14    48
     2000
     11 Mar    15:22:08  557   6     18    38    10    48
     2000
     11 Mar    09:53:44  574   6     14    29    14    43
     2000
     11 Mar    10:54:32  645   6     15    36    15    48
     2000
     11 Mar    11:21:04  570   6     12    32    11    42
     2000
     11 Mar    08:29:52  723   6     22    39    15    54
     2000
     11 Mar    10:58:48  615   6     10    34    14    48
     2000
     11 Mar    06:47:36  524   6     13    30    14    43
     2000
     11 Mar    05:46:00  537   6     14    32    9     40
     2000
     11 Mar    15:10:48  739   6     17    37    25    47
     2000
     11 Mar    08:22:08  583   6     21    34    16    38
     2000
     11 Mar    08:51:12  582   6     18    33    16    37
     2000
     11 Mar    07:04:32  566   5     10    29    13    48
     2000
     11 Mar    11:39:36  647   5     14    38    16    49
     2000
     11 Mar    06:54:32  572   5     19    31    16    38
     2000
     11 Mar    11:31:28  535   5     16    27    12    43
     2000
     11 Mar    09:33:36  616   5     16    35    12    48
     2000
     11 Mar    13:27:36  534   5     12    30    14    44
     2000
     11 Mar    13:44:16  654   5     18    36    16    44
     2000
     11 Mar    09:05:04  586   4     15    35    11    47
     2000
     11 Mar    11:06:16  564   4     9     33    16    43
     2000
     11 Mar    08:36:56  593   4     9     29    16    44
     2000
     11 Mar    10:35:36  530   4     11    30    11    42
     2000
     11 Mar    08:35:20  585   4     17    32    16    42
     2000
     11 Mar    05:42:48  611   3     11    36    11    50
     2000
     11 Mar    13:06:48  547   3     13    31    14    40
     2000
     11 Mar    11:35:44  583   3     10    34    10    44
     2000
     11 Mar    06:35:52  571   2     13    33    14    40
     2000
     11 Mar    11:37:04  639   2     16    35    14    51
     2000
     11 Mar    11:54:08  555   2     13    33    12    43
     2000
     11 Mar    12:35:36  584   2     13    34    13    46
     2000