     16 Nov    03:45:52  464   7     16    25    14    30
     1997
     16 Nov    03:30:08  462   10    19    27    11    31
     1997
     16 Nov    03:14:40  462   15    20    26    13    28
     1997
     16 Nov    05:28:00  456   6     13    22    15    29
     1997
     16 Nov    07:14:08  433   4     6     22    10    29
     1997
     16 Nov    13:25:36  432   7     16    25    14    27
     1997
     16 Nov    15:21:36  430   6     10    24    13    27
     1997
     16 Nov    04:04:40  427   5     11    24    13    27
     1997
     16 Nov    11:37:28  427   6     15    27    10    28
     1997
     16 Nov    15:12:16  426   11    16    24    11    27
     1997
     16 Nov    14:02:00  423   12    16    24    12    30
     1997
     16 Nov    11:16:56  422   9     17    24    11    31
     1997
     16 Nov    15:28:56  419   2     11    23    12    28
     1997
     16 Nov    09:57:12  419   7     14    24    12    29
     1997
     16 Nov    09:40:16  418   4     14    23    12    30
     1997
     16 Nov    11:30:00  417   8     17    22    13    29
     1997
     16 Nov    07:53:12  415   6     10    25    10    31
     1997
     16 Nov    07:48:32  413   7     13    23    12    26
     1997
     16 Nov    07:23:12  409   4     11    22    6     35
     1997
     16 Nov    03:10:16  408   3     11    21    8     28
     1997
     16 Nov    07:18:56  406   9     17    26    8     29
     1997
     16 Nov    01:34:32  401   6     10    23    13    26
     1997
     16 Nov    01:35:44  400   6     11    20    13    25
     1997
     16 Nov    11:36:16  395   9     17    24    11    29
     1997
     16 Nov    01:13:52  395   6     9     21    8     32
     1997
     16 Nov    01:52:48  392   6     10    24    8     31
     1997
     16 Nov    15:02:48  389   3     10    20    11    24
     1997
     16 Nov    05:53:44  389   6     9     21    10    24
     1997
     16 Nov    05:34:48  389   6     11    23    11    25
     1997
     16 Nov    09:14:48  388   8     17    20    11    29
     1997
     16 Nov    09:21:44  386   8     16    25    10    28
     1997
     16 Nov    09:08:32  385   7     15    23    9     28
     1997
     16 Nov    09:31:04  381   7     14    23    13    25
     1997
     16 Nov    05:12:40  379   4     10    20    11    28
     1997
     16 Nov    03:52:56  377   3     10    21    11    22
     1997
     16 Nov    15:23:44  376   5     12    20    10    25
     1997
     16 Nov    15:33:20  376   4     12    19    12    27
     1997
     16 Nov    02:54:56  376   11    16    23    9     27
     1997
     16 Nov    05:49:12  374   7     11    17    12    27
     1997
     16 Nov    16:04:48  372   6     10    20    10    26
     1997
     16 Nov    11:58:48  371   4     12    21    12    25
     1997
     16 Nov    01:26:40  371   7     13    20    10    26
     1997
     16 Nov    09:17:04  371   6     13    19    11    24
     1997
     16 Nov    02:22:08  370   5     11    20    9     28
     1997
     16 Nov    15:52:56  369   4     8     21    10    25
     1997
     16 Nov    13:12:16  367   6     10    20    9     28
     1997
     16 Nov    07:20:32  364   4     12    22    9     26
     1997
     16 Nov    06:09:36  364   9     13    19    11    26
     1997
     16 Nov    03:05:20  363   2     10    21    10    28
     1997
     16 Nov    05:18:40  363   6     17    23    10    25
     1997
     16 Nov    03:25:52  363   6     10    21    8     25
     1997
     16 Nov    08:50:56  362   4     11    19    15    23
     1997
     16 Nov    03:55:12  361   8     14    21    10    27
     1997
     16 Nov    09:30:00  361   5     7     18    13    27
     1997
     16 Nov    07:31:36  359   5     11    21    11    24
     1997
     16 Nov    03:23:52  357   8     12    20    11    23
     1997
     16 Nov    15:26:56  356   4     9     21    7     26
     1997
     16 Nov    11:42:08  355   9     17    22    10    24
     1997
     16 Nov    09:37:28  354   6     13    18    12    23
     1997
     16 Nov    03:32:32  349   7     11    19    10    23
     1997
     16 Nov    03:04:16  349   6     12    21    7     26
     1997
     16 Nov    05:06:48  347   4     7     18    10    23
     1997
     16 Nov    03:35:44  346   5     10    18    10    25
     1997
     16 Nov    01:33:28  345   6     11    23    8     28
     1997
     16 Nov    05:30:48  345   6     10    20    9     26
     1997
     16 Nov    05:24:24  344   4     7     18    8     25
     1997
     16 Nov    11:55:52  344   9     17    19    7     29
     1997
     16 Nov    11:06:24  344   5     11    20    10    24
     1997
     16 Nov    16:02:32  344   3     9     18    12    20
     1997
     16 Nov    16:59:44  342   7     12    20    5     27
     1997
     16 Nov    02:04:08  342   7     12    18    10    25
     1997
     16 Nov    08:57:20  341   8     13    20    7     25
     1997
     16 Nov    13:45:12  341   5     8     19    10    21
     1997
     16 Nov    07:34:08  340   6     10    20    8     25
     1997
     16 Nov    01:12:00  340   7     11    18    8     26
     1997
     16 Nov    15:43:20  337   9     10    16    12    22
     1997
     16 Nov    15:50:56  337   9     13    20    9     26
     1997
     16 Nov    03:42:24  336   4     7     19    7     24
     1997
     16 Nov    05:16:56  336   5     9     17    12    22
     1997
     16 Nov    10:45:20  335   3     12    19    9     26
     1997
     16 Nov    11:34:00  334   5     9     19    7     24
     1997
     16 Nov    07:38:48  333   6     11    21    8     23
     1997
     16 Nov    13:31:20  333   2     7     18    7     28
     1997
     16 Nov    15:44:24  331   5     9     18    12    20
     1997
     16 Nov    01:15:44  330   3     7     17    8     26
     1997
     16 Nov    06:40:08  330   6     13    19    8     23
     1997
     16 Nov    01:28:08  330   6     11    19    9     24
     1997
     16 Nov    03:50:08  330   6     11    21    7     25
     1997
     16 Nov    12:34:24  329   5     10    17    11    23
     1997
     16 Nov    09:07:28  328   8     13    16    10    21
     1997
     16 Nov    11:27:04  328   8     12    20    7     25
     1997
     16 Nov    09:04:24  327   7     13    18    10    20
     1997
     16 Nov    13:42:00  327   5     8     16    11    22
     1997
     16 Nov    14:21:28  327   4     10    16    10    25
     1997
     16 Nov    02:40:56  326   5     11    17    8     27
     1997
     16 Nov    04:29:44  325   5     9     17    8     25
     1997
     16 Nov    08:24:56  325   6     10    19    9     23
     1997
     16 Nov    06:55:20  325   6     13    19    7     28
     1997
     16 Nov    16:25:12  324   2     10    19    9     23
     1997
     16 Nov    15:04:48  324   6     10    20    5     29
     1997
     16 Nov    16:50:56  323   4     6     18    8     21
     1997
     16 Nov    03:34:24  323   5     10    17    11    22
     1997
     16 Nov    12:49:28  322   2     8     17    7     27
     1997
     16 Nov    16:58:24  322   5     12    17    10    21
     1997
     16 Nov    09:11:36  321   8     12    17    9     25
     1997
     16 Nov    10:51:44  321   4     12    19    9     21
     1997
     16 Nov    10:31:04  320   6     11    18    9     26
     1997
     16 Nov    14:52:56  317   8     15    19    9     23
     1997
     16 Nov    09:49:44  317   10    13    19    6     24
     1997
     16 Nov    09:47:28  316   8     14    18    11    21
     1997
     16 Nov    13:37:20  316   5     10    17    8     25
     1997
     16 Nov    06:03:04  316   4     6     17    9     23
     1997
     16 Nov    09:19:04  316   8     11    17    9     23
     1997
     16 Nov    11:51:12  315   3     9     16    7     27
     1997
     16 Nov    15:20:00  314   5     9     17    7     20
     1997
     16 Nov    06:05:20  314   7     7     17    9     23
     1997
     16 Nov    10:58:56  314   8     12    14    12    18
     1997
     16 Nov    08:31:20  313   3     10    17    8     24
     1997
     16 Nov    10:04:16  312   7     12    16    11    20
     1997
     16 Nov    01:08:24  312   4     11    17    8     21
     1997
     16 Nov    07:45:12  311   6     9     17    9     25
     1997
     16 Nov    04:58:16  311   4     9     17    9     19
     1997
     16 Nov    01:45:44  310   4     10    15    9     21
     1997
     16 Nov    13:02:48  310   8     9     20    8     23
     1997
     16 Nov    08:43:04  309   3     10    16    6     23
     1997
     16 Nov    10:23:52  308   4     11    17    8     24
     1997
     16 Nov    08:48:00  308   8     15    17    8     23
     1997
     16 Nov    03:11:52  308   3     11    16    6     25
     1997
     16 Nov    14:40:56  306   10    13    19    8     23
     1997
     16 Nov    10:17:52  306   8     12    18    9     20
     1997
     16 Nov    05:14:32  306   10    12    19    6     22
     1997
     16 Nov    14:38:24  305   4     9     18    10    21
     1997
     16 Nov    09:01:04  304   10    17    20    7     24
     1997
     16 Nov    16:56:16  304   2     7     15    11    19
     1997
     16 Nov    09:28:48  304   4     9     16    11    20
     1997
     16 Nov    15:36:32  303   2     10    17    9     21
     1997
     16 Nov    01:50:56  303   5     7     17    8     23
     1997
     16 Nov    13:40:40  302   6     11    17    7     20
     1997
     16 Nov    05:39:20  302   3     6     15    9     21
     1997
     16 Nov    03:18:08  302   1     10    16    9     17
     1997
     16 Nov    07:57:44  301   7     12    18    7     23
     1997
     16 Nov    03:20:24  300   6     10    16    9     20
     1997
     16 Nov    12:35:36  300   3     7     16    9     21
     1997
     16 Nov    09:23:12  300   4     7     15    8     25
     1997
     16 Nov    12:52:00  299   2     5     15    8     21
     1997
     16 Nov    07:28:00  299   6     11    20    7     20
     1997
     16 Nov    13:01:36  298   7     10    17    7     24
     1997
     16 Nov    11:10:48  298   5     9     14    9     18
     1997
     16 Nov    10:34:48  296   3     7     15    9     19
     1997
     16 Nov    10:21:12  295   4     10    15    10    18
     1997