     04 Sep    02:28:44  355   8     13    20    10    27
     1981
     04 Sep    03:17:08  325   7     9     16    12    19
     1981
     04 Sep    03:12:52  314   6     8     17    5     27
     1981
     04 Sep    02:36:04  322   6     9     20    7     24
     1981
     04 Sep    03:05:08  335   6     12    18    9     24
     1981
     04 Sep    02:17:16  283   5     8     18    5     23
     1981
     04 Sep    02:53:40  364   5     9     18    10    29
     1981
     04 Sep    03:08:12  271   5     10    18    7     21
     1981
     04 Sep    02:38:36  305   5     11    19    5     23
     1981
     04 Sep    02:56:28  309   5     10    17    4     25
     1981
     04 Sep    02:25:24  234   4     7     14    3     18
     1981
     04 Sep    03:04:04  331   4     7     19    8     24
     1981
     04 Sep    02:41:00  294   4     6     15    8     22
     1981
     04 Sep    02:22:20  331   4     12    20    9     24
     1981
     04 Sep    02:18:28  295   4     8     16    4     28
     1981
     04 Sep    02:31:32  221   3     7     13    3     21
     1981
     04 Sep    02:47:24  276   3     5     17    6     21
     1981
     04 Sep    02:43:32  244   3     4     13    5     19
     1981
     04 Sep    03:14:52  334   2     4     18    11    23
     1981
     04 Sep    02:49:24  326   2     8     16    8     22
     1981
     04 Sep    02:45:32  272   2     3     15    7     20
     1981
     04 Sep    03:10:44  344   2     8     16    9     28
     1981
     04 Sep    02:51:08  262   2     4     14    8     18
     1981
     04 Sep    03:02:28  262   2     5     18    4     24
     1981
     04 Sep    02:33:08  247   2     7     14    9     16
     1981
     04 Sep    03:00:20  373   2     8     21    10    28
     1981
     04 Sep    02:23:32  279   1     7     15    7     21
     1981
     04 Sep    02:21:16  322   1     5     17    5     28
     1981