     05 Sep    03:13:08  326   11    11    17    10    23
     1981
     05 Sep    02:57:24  305   7     12    19    7     22
     1981
     05 Sep    02:44:28  354   7     10    20    8     27
     1981
     05 Sep    03:09:16  356   7     11    21    9     27
     1981
     05 Sep    02:41:56  372   6     7     19    10    23
     1981
     05 Sep    02:52:44  273   5     11    18    5     20
     1981
     05 Sep    02:23:48  287   5     9     16    9     20
     1981
     05 Sep    02:28:12  304   5     7     17    6     26
     1981
     05 Sep    02:37:56  326   5     13    18    8     25
     1981
     05 Sep    02:24:52  312   5     10    17    11    19
     1981
     05 Sep    02:35:16  331   5     10    20    5     27
     1981
     05 Sep    03:11:56  331   4     8     17    10    23
     1981
     05 Sep    02:26:04  327   4     10    18    10    23
     1981
     05 Sep    02:19:00  345   4     8     22    8     24
     1981
     05 Sep    03:15:24  354   4     9     18    9     26
     1981
     05 Sep    02:54:12  217   3     6     11    5     18
     1981
     05 Sep    02:21:40  361   3     9     24    7     27
     1981
     05 Sep    02:17:24  261   3     6     15    4     26
     1981
     05 Sep    03:01:32  347   3     10    18    12    25
     1981
     05 Sep    02:56:12  297   3     6     17    7     23
     1981
     05 Sep    02:31:00  339   2     7     17    11    25
     1981
     05 Sep    02:45:40  351   2     6     19    8     25
     1981
     05 Sep    02:49:48  363   2     5     21    10    28
     1981
     05 Sep    03:06:36  322   0     8     16    8     25
     1981