     24 Mar    00:07:28  213   4     8     13    5     13
     2014
     24 Mar    01:54:08  206   2     5     11    6     13
     2014
     24 Mar    00:54:56  195   2     5     12    4     15
     2014
     24 Mar    01:01:52  195   4     7     12    5     15
     2014
     24 Mar    01:10:00  172   3     7     11    3     16
     2014
     24 Mar    00:01:44  169   3     7     9     4     10
     2014
     24 Mar    01:19:28  169   4     7     9     5     13
     2014
     24 Mar    01:13:04  169   6     10    12    3     16
     2014
     24 Mar    00:58:00  169   1     5     10    4     14
     2014
     24 Mar    00:24:24  169   1     6     10    4     11
     2014
     24 Mar    00:03:36  167   4     6     11    4     11
     2014
     24 Mar    01:46:32  159   2     3     7     6     9
     2014
     24 Mar    01:08:00  159   3     5     10    4     12
     2014
     24 Mar    01:42:48  159   1     5     6     6     10
     2014
     24 Mar    01:14:56  159   4     5     10    5     10
     2014
     24 Mar    01:16:24  153   2     5     9     4     13
     2014
     24 Mar    01:51:20  151   3     7     9     4     9
     2014
     24 Mar    00:19:04  150   5     5     9     3     11
     2014
     24 Mar    01:06:56  148   3     5     9     4     10
     2014
     24 Mar    00:31:20  145   3     5     7     4     11
     2014
     24 Mar    00:20:24  142   1     2     8     3     8
     2014
     24 Mar    01:04:16  137   1     5     9     4     11
     2014
     24 Mar    01:56:16  132   0     3     7     5     9
     2014
     24 Mar    01:37:20  130   2     6     8     2     10
     2014
     24 Mar    01:41:12  130   1     3     7     2     10
     2014
     24 Mar    00:43:36  129   2     2     6     2     12
     2014
     24 Mar    01:21:28  128   2     5     8     3     10
     2014
     24 Mar    01:59:12  127   2     5     8     0     15
     2014
     24 Mar    01:38:32  126   4     6     9     2     10
     2014
     24 Mar    01:25:12  125   3     4     7     3     9
     2014
     24 Mar    01:58:08  121   3     4     7     4     8
     2014
     24 Mar    01:28:00  120   2     4     7     3     10
     2014
     24 Mar    01:39:52  117   1     3     6     3     7
     2014
     24 Mar    00:22:24  117   1     4     9     2     9
     2014
     24 Mar    00:37:28  115   1     3     6     4     7
     2014
     24 Mar    00:15:20  114   4     6     8     2     9
     2014
     24 Mar    01:31:44  113   4     4     8     2     9
     2014
     24 Mar    00:45:04  112   3     4     6     3     9
     2014
     24 Mar    00:41:12  107   0     1     6     2     8
     2014
     24 Mar    01:49:44  106   1     1     4     2     10
     2014
     24 Mar    01:29:44  103   1     2     6     3     7
     2014
     24 Mar    01:48:00  103   2     2     5     2     8
     2014
     24 Mar    00:35:52  101   2     3     7     2     8
     2014
     24 Mar    00:34:48  100   2     3     5     2     9
     2014
     24 Mar    00:29:20  100   1     1     6     1     8
     2014
     24 Mar    01:26:48  98    2     4     5     2     10
     2014
     24 Mar    00:47:20  92    1     3     5     2     9
     2014
     24 Mar    01:34:48  91    0     2     4     3     7
     2014
     24 Mar    00:38:48  86    1     2     6     2     9
     2014
     24 Mar    00:50:00  85    0     3     4     2     8
     2014