     07 May    20:18:24  724   3     17    38    23    46
     1833
     07 May    03:28:40  679   10    17    37    17    46
     1833
     07 May    12:34:48  634   9     16    33    20    41
     1833
     07 May    03:40:40  634   7     16    35    14    47
     1833
     07 May    07:57:36  633   10    16    37    16    45
     1833
     07 May    14:46:08  631   5     8     34    15    46
     1833
     07 May    03:41:44  630   11    15    35    16    47
     1833
     07 May    21:28:48  619   8     15    34    17    42
     1833
     07 May    15:23:12  614   7     17    35    19    40
     1833
     07 May    20:16:56  611   8     19    34    16    43
     1833
     07 May    06:16:00  603   7     16    30    14    43
     1833
     07 May    19:37:12  602   8     21    33    19    40
     1833
     07 May    02:19:04  602   6     16    35    13    46
     1833
     07 May    01:00:40  595   8     15    32    18    40
     1833
     07 May    18:13:28  593   14    19    35    13    41
     1833
     07 May    03:54:40  593   8     14    30    18    42
     1833
     06 May    23:50:32  586   7     13    32    16    44
     1833
     07 May    03:21:28  583   5     16    34    15    38
     1833
     07 May    00:06:00  583   6     11    31    17    39
     1833
     07 May    14:20:40  583   6     15    34    16    38
     1833
     07 May    03:37:12  583   6     13    31    20    35
     1833
     07 May    06:27:28  581   7     12    35    10    40
     1833
     07 May    09:53:36  580   7     11    28    16    43
     1833
     07 May    01:03:36  577   5     14    34    16    39
     1833
     06 May    23:40:24  577   8     14    30    14    42
     1833
     07 May    11:39:20  576   10    18    31    15    35
     1833
     07 May    09:54:40  576   5     11    33    8     45
     1833
     07 May    03:47:28  576   6     14    31    14    40
     1833
     07 May    03:27:04  574   7     15    30    14    42
     1833
     07 May    03:58:32  570   6     12    31    16    39
     1833
     07 May    16:16:32  568   10    18    37    13    43
     1833
     07 May    09:34:16  568   10    16    29    15    39
     1833
     07 May    17:27:12  566   8     15    30    12    42
     1833
     07 May    01:36:48  565   5     13    34    15    40
     1833
     07 May    15:56:32  565   7     13    35    9     42
     1833
     07 May    05:29:04  563   7     13    33    13    42
     1833
     07 May    08:18:24  562   5     12    32    13    39
     1833
     07 May    09:14:00  562   7     14    34    12    40
     1833
     07 May    12:17:04  561   11    19    30    15    39
     1833
     06 May    23:28:48  560   7     12    29    20    33
     1833
     07 May    13:50:16  559   9     16    34    15    38
     1833
     07 May    20:02:16  558   8     17    31    15    39
     1833
     07 May    02:55:12  558   8     15    34    9     42
     1833
     07 May    19:20:16  558   7     13    28    15    41
     1833
     07 May    13:54:32  558   3     10    32    16    37
     1833
     06 May    23:52:08  558   5     12    31    14    41
     1833
     07 May    21:44:32  556   8     16    33    13    40
     1833
     07 May    03:38:48  554   8     13    33    14    40
     1833
     07 May    18:58:16  554   9     16    28    15    37
     1833
     07 May    05:19:12  553   4     13    34    12    42
     1833
     07 May    14:38:24  551   6     15    29    16    38
     1833
     07 May    01:08:56  551   9     21    30    13    39
     1833
     07 May    17:49:28  550   8     18    33    12    37
     1833
     07 May    07:48:40  549   10    15    31    13    39
     1833
     07 May    07:56:16  546   9     17    30    15    39
     1833
     07 May    20:57:28  545   8     11    32    13    39
     1833
     06 May    23:41:28  545   11    19    31    11    38
     1833
     07 May    18:41:44  545   14    24    32    11    41
     1833
     07 May    13:39:28  544   8     17    32    15    36
     1833
     07 May    13:57:28  544   5     11    27    16    39
     1833
     07 May    03:08:24  543   5     15    32    11    44
     1833
     07 May    09:32:24  542   8     13    32    14    36
     1833
     07 May    16:11:20  542   10    20    31    11    43
     1833
     07 May    12:58:24  541   8     17    32    15    38
     1833
     07 May    05:15:52  541   5     16    31    13    41
     1833
     07 May    05:13:52  541   8     15    31    14    42
     1833
     06 May    23:24:48  540   15    21    28    13    45
     1833
     07 May    05:22:00  539   15    18    32    9     42
     1833
     07 May    05:59:04  538   3     11    30    15    35
     1833
     07 May    00:49:52  538   4     13    32    13    37
     1833
     07 May    03:29:52  538   6     15    33    12    39
     1833
     07 May    01:29:44  537   10    17    31    6     44
     1833
     07 May    08:59:12  536   8     13    32    11    41
     1833
     07 May    08:24:40  536   2     9     29    17    36
     1833
     07 May    04:53:12  536   7     16    30    13    40
     1833
     07 May    19:04:56  535   10    21    32    11    42
     1833
     07 May    12:38:40  534   15    21    33    11    39
     1833
     07 May    12:33:04  533   9     16    29    15    37
     1833
     07 May    19:26:48  532   3     11    33    10    39
     1833
     07 May    06:28:48  531   8     11    30    11    41
     1833
     07 May    13:18:16  531   9     16    30    14    34
     1833
     06 May    22:24:48  530   10    12    30    12    40
     1833
     07 May    08:12:48  529   7     15    29    13    34
     1833
     07 May    06:14:16  529   7     10    29    11    38
     1833
     07 May    20:36:48  529   5     7     31    14    39
     1833
     07 May    01:54:00  529   4     11    29    13    35
     1833
     07 May    09:45:12  528   7     10    28    13    40
     1833
     07 May    03:43:44  528   3     10    26    18    30
     1833
     07 May    08:16:08  527   9     16    30    13    37
     1833
     07 May    02:54:00  526   5     13    31    8     42
     1833
     07 May    01:42:00  526   7     12    25    17    33
     1833
     07 May    00:40:08  525   7     17    30    14    40
     1833
     06 May    22:22:16  524   5     10    30    12    43
     1833
     07 May    21:21:20  523   5     12    30    12    37
     1833
     07 May    07:50:24  522   8     18    32    10    45
     1833
     07 May    18:22:00  522   7     17    30    11    39
     1833
     07 May    11:00:08  519   7     9     29    11    38
     1833
     06 May    22:36:00  518   5     11    26    14    42
     1833
     07 May    21:51:28  518   3     12    29    14    36
     1833
     07 May    11:17:52  518   6     14    27    16    36
     1833
     07 May    13:59:20  518   5     14    26    16    36
     1833
     07 May    04:18:32  517   9     16    29    13    36
     1833
     07 May    07:29:28  517   4     11    26    15    33
     1833
     07 May    04:46:48  517   3     11    31    11    39
     1833
     07 May    14:57:20  516   8     15    29    14    33
     1833
     07 May    00:04:08  516   8     15    30    13    37
     1833
     07 May    17:33:12  516   10    14    26    13    38
     1833
     07 May    08:10:40  515   6     18    31    14    34
     1833
     07 May    12:37:04  514   6     13    27    15    34
     1833
     07 May    02:04:48  514   5     11    27    14    34
     1833
     07 May    07:46:16  514   7     10    27    12    36
     1833
     07 May    09:31:12  513   4     9     29    12    36
     1833
     07 May    17:19:28  513   9     11    29    11    43
     1833
     07 May    07:44:56  511   9     10    26    15    33
     1833
     07 May    19:25:20  511   9     18    32    9     39
     1833
     07 May    08:11:44  510   4     15    32    13    37
     1833
     07 May    11:28:00  510   6     15    27    12    39
     1833
     06 May    22:23:20  510   6     9     31    10    40
     1833
     07 May    19:53:44  509   9     14    32    12    36
     1833
     07 May    03:23:36  508   6     14    28    13    35
     1833
     07 May    13:44:32  508   5     11    26    13    39
     1833
     07 May    01:58:56  508   8     12    31    8     42
     1833
     07 May    06:58:56  508   9     14    29    15    34
     1833
     07 May    07:52:48  508   4     13    27    14    32
     1833
     07 May    11:09:04  507   6     14    28    14    34
     1833
     06 May    23:55:52  507   3     11    27    13    36
     1833
     07 May    12:56:48  506   4     9     25    13    40
     1833
     07 May    12:07:36  505   5     13    27    13    36
     1833
     07 May    12:53:52  505   8     13    26    14    34
     1833
     07 May    20:53:52  504   8     12    27    13    36
     1833
     07 May    18:14:40  504   8     15    25    14    35
     1833
     07 May    15:29:12  504   3     7     26    13    37
     1833
     07 May    15:14:48  504   4     14    26    15    33
     1833
     07 May    16:57:20  504   4     10    33    10    43
     1833
     07 May    00:26:56  504   4     17    31    11    38
     1833
     07 May    12:11:12  504   8     15    28    15    38
     1833
     07 May    20:47:52  503   4     7     31    12    40
     1833
     07 May    00:35:20  503   7     15    30    13    33
     1833
     07 May    06:51:28  502   4     11    30    12    37
     1833
     07 May    16:18:16  502   5     11    28    10    40
     1833
     07 May    00:28:48  501   7     14    28    15    33
     1833
     06 May    23:10:56  501   5     9     26    13    36
     1833
     06 May    22:15:44  500   3     9     26    18    30
     1833
     07 May    16:22:40  500   7     14    28    11    37
     1833
     06 May    23:27:04  499   6     15    30    11    36
     1833
     06 May    22:00:16  499   9     13    25    18    31
     1833
     07 May    15:05:20  499   2     11    29    12    42
     1833
     07 May    17:52:48  498   5     13    28    13    38
     1833
     07 May    18:20:00  497   4     10    28    9     37
     1833
     07 May    11:26:24  497   10    16    29    12    37
     1833