	08 Jan    08:15:44  354   10    14    17    13    22
	1935
	08 Jan    12:09:52  319   9     10    19    7     25
	1935
	08 Jan    06:00:32  333   8     9     20    6     29
	1935
	08 Jan    23:20:00  325   8     14    18    9     20
	1935
	08 Jan    16:14:08  304   8     12    18    9     20
	1935
	08 Jan    05:34:48  303   8     13    19    7     22
	1935
	08 Jan    12:25:52  299   8     13    18    6     20
	1935
	08 Jan    10:35:30  416   7     13    27    10    32
	1935
	08 Jan    13:12:32  416   7     13    27    10    32
	1935
	08 Jan    20:29:12  373   7     15    21    9     25
	1935
	08 Jan    21:21:52  373   7     12    22    7     30
	1935
	08 Jan    13:28:24  350   7     12    21    8     28
	1935
	08 Jan    22:46:00  343   7     13    17    11    19
	1935
	09 Jan    03:08:32  343   7     9     19    9     24
	1935
	08 Jan    17:30:24  334   7     12    18    10    25
	1935
	08 Jan    08:37:36  325   7     13    18    11    19
	1935
	08 Jan    17:38:24  315   7     13    19    8     25
	1935
	08 Jan    06:17:04  312   7     11    19    6     26
	1935
	08 Jan    23:41:20  312   7     10    17    9     21
	1935
	08 Jan    11:14:00  310   7     10    17    8     24
	1935
	08 Jan    10:34:48  301   7     13    19    5     23
	1935
	08 Jan    15:24:48  300   7     9     16    7     21
	1935
	08 Jan    19:18:48  291   7     10    17    6     25
	1935
	08 Jan    15:14:00  368   6     12    18    13    24
	1935
	08 Jan    10:00:40  355   6     12    21    10    22
	1935
	08 Jan    14:01:20  353   6     11    18    10    22
	1935
	08 Jan    21:04:00  352   6     11    20    7     26
	1935
	08 Jan    20:10:00  352   6     11    18    9     28
	1935
	08 Jan    12:36:32  351   6     12    20    8     27
	1935
	08 Jan    13:30:32  349   6     10    20    8     24
	1935
	08 Jan    08:46:08  340   6     13    18    9     26
	1935
	08 Jan    19:00:08  339   6     10    18    9     23
	1935
	09 Jan    00:24:24  338   6     9     16    10    22
	1935
	08 Jan    13:03:52  332   6     6     20    8     25
	1935
	08 Jan    12:43:36  328   6     14    20    8     23
	1935
	08 Jan    21:59:20  328   6     7     18    10    23
	1935
	08 Jan    20:34:32  324   6     10    16    11    19
	1935
	08 Jan    07:22:40  313   6     9     20    8     20
	1935
	08 Jan    08:25:52  304   6     11    17    8     18
	1935
	09 Jan    03:05:44  304   6     9     16    7     25
	1935
	08 Jan    19:57:44  296   6     8     15    9     19
	1935
	08 Jan    20:50:08  293   6     11    19    7     20
	1935
	08 Jan    05:21:44  387   5     11    22    10    28
	1935
	08 Jan    13:32:00  380   5     9     21    11    29
	1935
	08 Jan    22:16:48  366   5     11    22    9     26
	1935
	08 Jan    10:21:20  358   5     13    19    7     23
	1935
	08 Jan    05:41:12  341   5     9     21    7     24
	1935
	08 Jan    13:18:08  341   5     8     20    9     24
	1935
	08 Jan    09:54:16  336   5     8     18    10    22
	1935
	08 Jan    15:11:28  334   5     7     19    8     24
	1935
	08 Jan    07:09:44  331   5     10    19    9     22
	1935
	08 Jan    05:18:16  330   5     15    21    7     29
	1935
	08 Jan    12:28:40  327   5     6     20    9     21
	1935
	08 Jan    17:59:52  324   5     11    20    5     27
	1935
	08 Jan    21:23:52  321   5     9     21    5     26
	1935
	08 Jan    15:16:48  316   5     9     17    8     22
	1935
	08 Jan    11:38:40  315   5     9     18    7     23
	1935
	08 Jan    08:08:24  312   5     8     15    8     21
	1935
	08 Jan    19:14:32  305   5     8     17    6     23
	1935
	08 Jan    10:55:28  305   5     7     18    9     22
	1935
	09 Jan    01:04:08  302   5     7     17    7     23
	1935
	09 Jan    04:46:32  301   5     10    16    7     19
	1935
	08 Jan    19:03:28  301   5     7     17    7     23
	1935
	08 Jan    19:49:12  300   5     9     17    7     22
	1935
	08 Jan    13:43:44  300   5     9     17    6     22
	1935
	08 Jan    21:38:48  299   5     11    14    6     27
	1935
	08 Jan    21:19:52  298   5     8     21    3     22
	1935
	08 Jan    07:38:48  298   5     9     20    5     27
	1935
	08 Jan    05:24:24  298   5     9     16    8     22
	1935
	08 Jan    23:28:56  296   5     9     18    6     25
	1935
	08 Jan    20:32:16  296   5     10    17    9     20
	1935
	08 Jan    21:51:44  294   5     8     16    9     21
	1935
	08 Jan    07:23:52  292   5     8     14    6     24
	1935
	08 Jan    21:26:16  290   5     6     17    7     21
	1935
	08 Jan    19:08:24  289   5     6     19    6     24
	1935
	08 Jan    14:38:24  389   4     9     24    9     27
	1935
	08 Jan    14:36:00  373   4     8     21    10    27
	1935
	08 Jan    07:20:08  347   4     9     20    9     24
	1935
	09 Jan    02:13:52  344   4     10    20    10    25
	1935
	09 Jan    03:02:40  340   4     11    18    12    21
	1935
	08 Jan    09:31:52  338   4     9     21    7     25
	1935
	08 Jan    22:10:00  337   4     6     19    11    21
	1935
	08 Jan    13:41:28  335   4     8     18    7     25
	1935
	08 Jan    06:44:08  321   4     6     18    9     20
	1935
	08 Jan    21:13:04  320   4     7     20    7     24
	1935
	08 Jan    19:34:08  316   4     9     18    8     21
	1935
	08 Jan    21:02:08  314   4     8     16    9     20
	1935
	08 Jan    06:20:48  314   4     7     16    7     23
	1935
	08 Jan    14:04:24  313   4     8     17    11    20
	1935
	08 Jan    17:19:44  313   4     7     19    5     25
	1935
	08 Jan    13:45:44  308   4     11    17    9     22
	1935
	08 Jan    06:53:20  306   4     9     17    7     23
	1935
	08 Jan    15:30:56  305   4     9     15    10    21
	1935
	08 Jan    05:26:24  304   4     8     17    10    21
	1935
	08 Jan    19:10:24  303   4     6     16    9     20
	1935
	08 Jan    12:20:16  299   4     7     15    10    19
	1935
	08 Jan    22:24:56  298   4     11    22    5     25
	1935
	08 Jan    07:11:04  295   4     9     19    4     25
	1935
	09 Jan    00:01:36  294   4     11    16    8     21
	1935
	08 Jan    21:39:52  293   4     7     20    5     26
	1935
	09 Jan    04:53:04  293   4     9     16    7     21
	1935
	08 Jan    20:21:28  293   4     11    15    9     19
	1935
	08 Jan    11:33:44  292   4     5     16    8     22
	1935
	08 Jan    22:12:32  291   4     8     19    6     22
	1935
	08 Jan    10:02:48  291   4     7     14    10    14
	1935
	08 Jan    12:34:00  291   4     10    15    7     21
	1935
	08 Jan    20:52:48  381   3     11    23    9     26
	1935
	08 Jan    09:05:04  339   3     9     21    9     21
	1935
	08 Jan    06:02:56  330   3     11    21    10    21
	1935
	08 Jan    13:25:52  326   3     8     18    7     26
	1935
	08 Jan    07:33:28  325   3     8     19    6     23
	1935
	08 Jan    21:34:08  325   3     4     19    6     27
	1935
	08 Jan    11:05:04  324   3     10    18    9     25
	1935
	08 Jan    14:07:36  323   3     8     16    7     25
	1935
	08 Jan    15:58:08  318   3     11    16    11    21
	1935
	08 Jan    21:29:28  315   3     11    18    7     23
	1935
	08 Jan    18:36:56  315   3     4     19    8     19
	1935
	08 Jan    08:28:24  313   3     10    16    10    22
	1935
	08 Jan    10:12:08  307   3     9     17    8     21
	1935
	09 Jan    00:44:40  306   3     9     19    8     22
	1935
	08 Jan    16:43:44  305   3     11    19    7     24
	1935
	08 Jan    17:46:48  300   3     6     16    9     21
	1935
	08 Jan    23:30:32  300   3     7     18    7     21
	1935
	08 Jan    11:58:40  298   3     9     17    5     24
	1935
	09 Jan    02:43:12  297   3     6     15    10    18
	1935
	08 Jan    06:50:40  297   3     6     16    10    20
	1935
	08 Jan    17:50:00  295   3     8     16    6     23
	1935
	08 Jan    21:36:16  294   3     8     20    6     23
	1935
	09 Jan    02:10:08  291   3     6     16    7     21
	1935
	08 Jan    07:55:04  289   3     8     17    7     21
	1935
	08 Jan    14:13:52  288   3     6     15    10    20
	1935
	09 Jan    02:12:32  377   2     8     22    11    27
	1935
	08 Jan    10:30:16  372   2     7     20    12    25
	1935
	08 Jan    20:24:00  365   2     9     18    9     27
	1935
	08 Jan    15:47:52  327   2     7     18    8     22
	1935
	09 Jan    01:19:20  319   2     8     18    7     24
	1935
	08 Jan    14:41:44  312   2     5     19    7     22
	1935
	08 Jan    18:35:28  310   2     5     17    6     26
	1935
	08 Jan    18:18:24  303   2     3     16    7     24
	1935
	08 Jan    07:26:56  302   2     9     19    7     23
	1935
	08 Jan    19:32:32  297   2     7     16    8     21
	1935
	08 Jan    15:28:24  295   2     7     15    6     23
	1935
