	14 Nov    07:49:36  418   11    13    24    11    26
	1935
	14 Nov    08:03:20  388   11    13    22    11    24
	1935
	14 Nov    19:39:28  368   11    15    20    9     24
	1935
	14 Nov    04:16:24  291   11    13    15    9     19
	1935
	14 Nov    01:28:48  386   10    14    23    11    25
	1935
	13 Nov    23:58:00  314   10    17    21    6     22
	1935
	14 Nov    18:51:36  310   10    11    18    7     21
	1935
	14 Nov    11:01:36  435   9     14    23    15    25
	1935
	14 Nov    15:54:56  333   9     13    16    10    20
	1935
	14 Nov    07:42:00  323   9     10    18    7     22
	1935
	13 Nov    23:16:32  313   9     11    16    9     19
	1935
	14 Nov    04:42:40  300   9     11    17    8     19
	1935
	13 Nov    21:18:08  296   9     15    17    9     21
	1935
	14 Nov    01:39:28  466   8     12    28    13    33
	1935
	13 Nov    22:36:48  388   8     13    19    13    23
	1935
	14 Nov    11:56:24  379   8     14    24    8     27
	1935
	14 Nov    17:23:52  374   8     10    21    12    25
	1935
	14 Nov    10:48:56  352   8     16    18    13    22
	1935
	14 Nov    03:00:08  323   8     12    19    8     24
	1935
	14 Nov    18:55:04  316   8     10    16    8     24
	1935
	14 Nov    03:49:52  303   8     12    18    7     23
	1935
	14 Nov    13:26:56  297   8     11    18    8     21
	1935
	14 Nov    11:59:36  286   8     14    19    6     22
	1935
	14 Nov    01:46:24  467   7     16    27    11    30
	1935
	14 Nov    10:18:00  374   7     15    18    13    26
	1935
	14 Nov    04:14:32  339   7     11    19    8     24
	1935
	14 Nov    13:43:28  338   7     8     18    9     26
	1935
	14 Nov    06:56:32  337   7     11    17    11    19
	1935
	14 Nov    09:30:00  331   7     13    18    9     23
	1935
	14 Nov    09:23:36  323   7     11    19    6     23
	1935
	14 Nov    11:44:08  319   7     10    18    8     21
	1935
	14 Nov    13:17:04  319   7     8     17    8     24
	1935
	14 Nov    08:25:52  315   7     11    18    8     20
	1935
	14 Nov    18:27:36  296   7     11    16    9     21
	1935
	14 Nov    11:32:24  291   7     13    16    8     19
	1935
	14 Nov    19:18:08  290   7     8     17    9     22
	1935
	13 Nov    21:31:52  288   7     10    16    7     21
	1935
	13 Nov    22:16:16  282   7     10    15    5     20
	1935
	14 Nov    11:17:52  435   6     18    23    12    27
	1935
	13 Nov    23:32:56  374   6     14    21    9     28
	1935
	14 Nov    07:40:16  371   6     10    22    10    25
	1935
	13 Nov    21:38:00  368   6     10    20    13    22
	1935
	14 Nov    11:55:12  348   6     12    23    7     27
	1935
	14 Nov    01:42:24  345   6     10    21    8     24
	1935
	14 Nov    11:52:40  336   6     10    18    8     21
	1935
	14 Nov    01:52:40  335   6     9     18    11    21
	1935
	14 Nov    17:06:24  331   6     13    18    9     19
	1935
	13 Nov    22:39:44  328   6     11    17    11    21
	1935
	14 Nov    17:40:40  324   6     10    18    9     22
	1935
	14 Nov    10:25:28  322   6     10    16    11    19
	1935
	13 Nov    21:21:12  308   6     12    18    7     22
	1935
	14 Nov    15:43:28  300   6     10    17    9     19
	1935
	13 Nov    21:30:24  296   6     7     16    10    20
	1935
	14 Nov    19:02:08  295   6     10    17    9     20
	1935
	14 Nov    15:56:08  294   6     9     16    9     20
	1935
	14 Nov    12:16:08  293   6     13    20    5     23
	1935
	14 Nov    16:42:24  289   6     8     17    6     19
	1935
	14 Nov    11:45:36  287   6     11    15    7     19
	1935
	14 Nov    15:38:32  287   6     12    14    8     22
	1935
	14 Nov    15:49:44  284   6     10    15    9     18
	1935
	14 Nov    12:58:56  282   6     11    16    7     19
	1935
	14 Nov    07:21:28  387   5     14    21    9     25
	1935
	14 Nov    14:06:08  363   5     11    20    8     26
	1935
	13 Nov    21:26:32  347   5     11    18    11    24
	1935
	14 Nov    07:16:32  344   5     11    17    10    22
	1935
	14 Nov    14:16:48  336   5     13    19    9     26
	1935
	14 Nov    02:45:36  333   5     11    18    10    23
	1935
	14 Nov    12:20:00  330   5     11    17    10    20
	1935
	14 Nov    03:05:28  325   5     13    17    6     23
	1935
	14 Nov    07:14:56  317   5     8     17    8     23
	1935
	14 Nov    17:21:04  316   5     8     18    8     23
	1935
	13 Nov    21:07:12  315   5     10    19    8     22
	1935
	13 Nov    23:01:44  312   5     9     16    9     21
	1935
	14 Nov    02:31:04  309   5     7     15    9     21
	1935
	14 Nov    13:10:32  307   5     11    17    7     23
	1935
	14 Nov    16:46:40  305   5     12    17    8     18
	1935
	14 Nov    12:46:00  304   5     9     17    8     23
	1935
	14 Nov    15:27:20  303   5     7     15    11    18
	1935
	14 Nov    17:13:44  300   5     7     17    7     23
	1935
	14 Nov    10:42:00  297   5     7     17    7     21
	1935
	14 Nov    09:27:36  294   5     10    18    8     20
	1935
	14 Nov    15:47:52  292   5     11    19    7     22
	1935
	14 Nov    11:36:40  292   5     9     15    8     19
	1935
	14 Nov    12:28:32  289   5     10    19    6     19
	1935
	14 Nov    11:21:28  286   5     7     16    8     18
	1935
	14 Nov    16:19:12  285   5     7     15    9     19
	1935
	14 Nov    17:18:56  284   5     7     16    5     20
	1935
	14 Nov    05:28:08  282   5     11    16    8     18
	1935
	14 Nov    12:42:16  387   4     9     20    11    24
	1935
	14 Nov    11:10:16  385   4     9     18    14    23
	1935
	14 Nov    05:39:28  382   4     7     20    8     27
	1935
	14 Nov    05:22:16  366   4     10    19    11    24
	1935
	14 Nov    19:11:36  366   4     8     20    9     27
	1935
	13 Nov    21:53:44  359   4     7     19    12    20
	1935
	14 Nov    16:06:48  358   4     13    21    8     24
	1935
	14 Nov    01:16:56  353   4     7     20    10    22
	1935
	14 Nov    02:16:56  343   4     11    18    9     25
	1935
	14 Nov    03:48:00  342   4     10    18    11    23
	1935
	14 Nov    09:07:28  327   4     8     18    8     23
	1935
	13 Nov    23:22:16  326   4     8     19    10    22
	1935
	14 Nov    14:47:12  323   4     12    19    8     25
	1935
	14 Nov    14:51:20  322   4     12    14    13    18
	1935
	14 Nov    08:17:36  318   4     6     17    8     20
	1935
	14 Nov    11:40:00  316   4     6     16    9     21
	1935
	14 Nov    06:08:16  311   4     12    20    8     24
	1935
	14 Nov    02:12:32  300   4     9     18    9     19
	1935
	14 Nov    04:25:04  298   4     10    19    8     20
	1935
	14 Nov    19:36:08  294   4     10    16    8     19
	1935
	14 Nov    14:53:28  292   4     6     15    12    16
	1935
	14 Nov    02:48:24  289   4     12    16    8     21
	1935
	14 Nov    14:08:24  288   4     5     14    10    18
	1935
	13 Nov    22:43:44  287   4     11    15    9     18
	1935
	14 Nov    20:46:56  282   4     8     17    6     21
	1935
	14 Nov    08:45:28  463   3     8     23    12    29
	1935
	14 Nov    01:49:52  411   3     8     20    11    25
	1935
	14 Nov    09:04:16  402   3     13    20    13    27
	1935
	14 Nov    13:22:08  368   3     8     20    8     28
	1935
	14 Nov    00:43:52  336   3     9     18    9     24
	1935
	13 Nov    22:27:20  336   3     6     16    9     24
	1935
	14 Nov    09:02:24  317   3     8     21    6     24
	1935
	14 Nov    12:35:12  315   3     8     19    6     23
	1935
	14 Nov    13:36:56  314   3     7     16    8     23
	1935
	14 Nov    16:41:12  309   3     7     17    7     21
	1935
	14 Nov    10:02:24  307   3     9     17    8     20
	1935
	14 Nov    12:52:40  296   3     5     18    7     22
	1935
	14 Nov    07:25:52  295   3     8     17    7     22
	1935
	14 Nov    12:17:28  294   3     6     19    4     20
	1935
	14 Nov    20:53:28  293   3     6     18    7     22
	1935
	14 Nov    11:06:56  290   3     5     16    6     23
	1935
	14 Nov    05:07:36  288   3     10    16    9     19
	1935
	14 Nov    13:32:48  287   3     8     14    9     20
	1935
	14 Nov    07:57:20  287   3     10    15    9     20
	1935
