	28 Jul    10:51:04  499   12    16    25    12    31
	1929
	28 Jul    09:48:16  496   12    20    30    11    36
	1929
	28 Jul    19:28:24  441   12    18    28    9     33
	1929
	28 Jul    18:30:48  431   12    13    26    10    31
	1929
	27 Jul    23:02:32  551   11    18    32    13    41
	1929
	28 Jul    18:18:32  531   11    23    31    14    36
	1929
	28 Jul    11:46:00  484   11    15    29    11    37
	1929
	28 Jul    15:22:40  473   11    15    26    16    32
	1929
	27 Jul    22:00:16  601   10    20    37    16    44
	1929
	28 Jul    16:02:24  552   10    18    29    15    37
	1929
	28 Jul    19:41:52  532   10    20    29    14    37
	1929
	28 Jul    16:20:16  524   10    14    29    16    30
	1929
	28 Jul    13:29:28  492   10    16    27    15    35
	1929
	28 Jul    01:30:48  481   10    18    29    13    32
	1929
	28 Jul    02:00:48  475   10    17    27    12    30
	1929
	28 Jul    08:02:16  460   10    16    24    12    36
	1929
	28 Jul    01:39:52  591   9     19    34    16    38
	1929
	28 Jul    01:24:40  539   9     15    30    16    37
	1929
	28 Jul    10:21:28  533   9     16    30    14    36
	1929
	28 Jul    08:06:08  500   9     17    30    13    35
	1929
	28 Jul    15:00:32  482   9     17    24    15    32
	1929
	28 Jul    13:17:20  473   9     16    28    13    34
	1929
	28 Jul    06:59:20  472   9     16    27    13    32
	1929
	27 Jul    23:45:12  470   9     16    27    13    34
	1929
	28 Jul    12:30:16  468   9     15    32    8     35
	1929
	28 Jul    05:16:24  466   9     14    25    13    30
	1929
	28 Jul    04:04:24  464   9     12    26    14    31
	1929
	27 Jul    23:25:20  464   9     16    26    14    27
	1929
	28 Jul    11:21:52  461   9     16    29    10    34
	1929
	28 Jul    02:10:24  455   9     18    28    11    32
	1929
	28 Jul    09:45:20  443   9     16    29    10    39
	1929
	28 Jul    18:08:08  436   9     10    21    14    27
	1929
	28 Jul    14:55:44  436   9     13    25    13    31
	1929
	28 Jul    18:21:36  431   9     15    27    9     32
	1929
	28 Jul    06:46:56  505   8     14    26    15    31
	1929
	28 Jul    01:29:04  502   8     13    29    13    36
	1929
	28 Jul    06:54:40  497   8     10    26    10    38
	1929
	28 Jul    11:06:00  492   8     12    26    15    32
	1929
	28 Jul    05:43:36  489   8     15    25    13    35
	1929
	28 Jul    01:14:24  489   8     12    28    11    36
	1929
	28 Jul    03:30:08  489   8     12    28    12    36
	1929
	28 Jul    12:50:40  485   8     15    28    15    33
	1929
	27 Jul    20:52:48  485   8     14    24    16    30
	1929
	28 Jul    19:55:20  483   8     13    27    12    34
	1929
	28 Jul    07:05:44  481   8     12    29    11    34
	1929
	28 Jul    03:34:32  475   8     18    26    15    30
	1929
	28 Jul    06:30:32  467   8     12    25    13    29
	1929
	28 Jul    14:12:24  465   8     15    26    14    32
	1929
	28 Jul    07:42:24  462   8     15    29    8     34
	1929
	28 Jul    12:44:32  456   8     10    25    13    30
	1929
	27 Jul    21:34:24  456   8     11    29    10    34
	1929
	28 Jul    17:15:12  454   8     15    25    12    31
	1929
	27 Jul    23:35:44  454   8     16    28    12    34
	1929
	28 Jul    05:19:36  453   8     9     25    12    34
	1929
	28 Jul    12:05:36  451   8     10    27    13    29
	1929
	27 Jul    23:20:32  448   8     15    24    13    31
	1929
	28 Jul    07:40:00  445   8     15    26    12    35
	1929
	28 Jul    04:19:36  434   8     10    23    11    34
	1929
	28 Jul    03:42:56  606   7     15    33    17    39
	1929
	27 Jul    22:58:48  596   7     11    33    19    40
	1929
	28 Jul    16:08:08  523   7     13    28    15    34
	1929
	28 Jul    13:16:00  511   7     15    28    14    35
	1929
	28 Jul    09:15:44  511   7     17    32    10    36
	1929
	27 Jul    21:23:52  494   7     14    32    12    36
	1929
	28 Jul    14:01:36  490   7     11    30    11    37
	1929
	28 Jul    10:42:48  471   7     13    26    14    34
	1929
	28 Jul    08:42:24  468   7     12    27    10    34
	1929
	28 Jul    09:30:24  467   7     10    28    14    32
	1929
	28 Jul    04:59:44  467   7     13    24    16    28
	1929
	28 Jul    09:39:52  458   7     11    25    12    31
	1929
	28 Jul    19:58:32  456   7     14    23    15    29
	1929
	27 Jul    21:46:08  451   7     13    24    10    34
	1929
	28 Jul    08:28:48  446   7     13    25    12    32
	1929
	28 Jul    05:39:52  444   7     12    25    12    27
	1929
	27 Jul    22:07:44  442   7     14    27    9     38
	1929
	27 Jul    21:14:48  441   7     12    26    9     34
	1929
	28 Jul    01:27:44  440   7     14    26    11    33
	1929
	28 Jul    03:06:48  435   7     9     23    14    28
	1929
	28 Jul    16:49:52  434   7     16    28    9     35
	1929
	28 Jul    19:17:12  434   7     12    24    11    29
	1929
	28 Jul    01:44:00  431   7     10    24    10    29
	1929
	28 Jul    09:06:00  586   6     12    32    16    40
	1929
	28 Jul    12:39:28  571   6     11    30    16    41
	1929
	28 Jul    12:19:36  548   6     14    28    18    34
	1929
	27 Jul    21:56:40  520   6     13    29    13    37
	1929
	28 Jul    16:19:12  519   6     10    26    13    35
	1929
	27 Jul    21:18:24  507   6     13    28    14    35
	1929
	27 Jul    23:30:40  506   6     15    27    16    31
	1929
	28 Jul    19:38:08  502   6     14    27    12    32
	1929
	28 Jul    09:41:28  500   6     12    27    14    34
	1929
	27 Jul    22:55:20  498   6     8     29    11    34
	1929
	28 Jul    06:18:16  493   6     17    26    12    31
	1929
	28 Jul    17:55:04  493   6     17    30    14    36
	1929
	28 Jul    02:53:04  493   6     12    26    17    32
	1929
	28 Jul    06:01:20  487   6     18    29    13    34
	1929
	28 Jul    06:48:40  481   6     16    28    12    33
	1929
	28 Jul    11:32:48  478   6     15    27    13    31
	1929
	28 Jul    04:03:12  474   6     13    26    14    29
	1929
	27 Jul    23:00:40  465   6     11    25    14    32
	1929
	28 Jul    15:53:36  455   6     12    23    12    35
	1929
	28 Jul    18:48:48  453   6     14    29    10    32
	1929
	28 Jul    16:43:52  448   6     11    25    11    31
	1929
	28 Jul    00:15:36  446   6     15    24    14    28
	1929
	28 Jul    19:54:00  444   6     14    22    14    32
	1929
	28 Jul    07:27:28  440   6     10    25    13    34
	1929
	28 Jul    13:41:36  430   6     15    24    11    30
	1929
	28 Jul    18:16:24  430   6     13    27    8     33
	1929
	28 Jul    07:10:56  428   6     10    25    10    33
	1929
	27 Jul    21:38:00  428   6     9     19    13    34
	1929
	28 Jul    10:23:12  568   5     12    30    15    37
	1929
	28 Jul    16:47:52  508   5     11    27    15    32
	1929
	28 Jul    17:59:44  506   5     11    27    16    32
	1929
	28 Jul    06:25:12  501   5     14    25    17    31
	1929
	28 Jul    03:04:00  500   5     13    25    14    34
	1929
	28 Jul    05:59:52  497   5     16    29    14    33
	1929
	28 Jul    06:28:56  493   5     9     25    11    36
	1929
	28 Jul    09:35:12  485   5     13    28    13    33
	1929
	28 Jul    12:34:08  483   5     13    28    12    32
	1929
	28 Jul    05:58:48  481   5     15    27    13    33
	1929
	28 Jul    11:48:56  472   5     11    25    12    34
	1929
	27 Jul    22:15:44  471   5     9     26    10    34
	1929
	28 Jul    13:49:52  469   5     11    26    15    33
	1929
	28 Jul    14:08:40  460   5     13    26    13    32
	1929
	28 Jul    01:51:28  458   5     11    25    12    33
	1929
	28 Jul    14:57:12  456   5     14    24    13    32
	1929
	28 Jul    16:30:48  453   5     12    28    8     36
	1929
	28 Jul    03:27:28  449   5     12    22    14    29
	1929
	28 Jul    07:37:04  440   5     9     24    16    29
	1929
	28 Jul    05:21:28  438   5     12    24    12    30
	1929
	28 Jul    14:50:16  436   5     12    23    13    31
	1929
	28 Jul    09:03:12  428   5     9     23    11    31
	1929
	28 Jul    12:49:04  532   4     17    31    15    37
	1929
	28 Jul    19:36:32  500   4     11    26    17    29
	1929
	28 Jul    12:36:08  458   4     10    26    15    31
	1929
	28 Jul    17:31:04  458   4     8     24    12    34
	1929
	27 Jul    22:09:36  450   4     12    26    12    31
	1929
	28 Jul    10:16:32  446   4     10    27    10    33
	1929
	28 Jul    15:05:12  443   4     7     25    9     37
	1929
	28 Jul    01:53:20  439   4     10    26    10    34
	1929
	27 Jul    23:16:00  436   4     12    20    13    30
	1929
	28 Jul    01:35:44  434   4     8     25    10    32
	1929
