      06 Sep    19:28:56  533   10    19    29    18    37
      1916
      06 Sep    10:59:20  525   9     21    29    15    36
      1916
      06 Sep    11:18:56  519   5     10    28    15    36
      1916
      07 Sep    01:52:40  500   9     13    28    12    37
      1916
      06 Sep    11:38:16  497   2     6     26    18    32
      1916
      06 Sep    23:47:04  496   5     9     28    17    32
      1916
      06 Sep    21:26:40  492   7     15    25    17    29
      1916
      06 Sep    11:49:36  490   7     12    27    13    36
      1916
      07 Sep    03:01:12  487   10    19    26    13    38
      1916
      06 Sep    05:12:48  481   9     16    26    15    30
      1916
      06 Sep    12:41:36  479   6     13    27    14    30
      1916
      07 Sep    03:58:16  477   11    18    26    14    32
      1916
      06 Sep    23:03:04  477   6     20    28    11    36
      1916
      06 Sep    08:31:04  475   8     13    26    14    31
      1916
      07 Sep    00:59:44  475   8     15    30    12    37
      1916
      06 Sep    13:32:08  475   7     12    26    15    32
      1916
      06 Sep    07:27:44  473   7     16    28    13    32
      1916
      06 Sep    23:15:44  473   11    17    31    12    36
      1916
      06 Sep    13:34:40  472   4     13    25    12    33
      1916
      07 Sep    03:11:12  471   6     12    23    15    29
      1916
      06 Sep    23:34:40  469   2     10    24    11    35
      1916
      06 Sep    13:02:48  469   6     14    26    13    31
      1916
      06 Sep    07:14:40  468   2     9     26    13    30
      1916
      06 Sep    21:10:16  466   9     15    26    14    28
      1916
      06 Sep    14:51:52  466   5     10    27    11    33
      1916
      06 Sep    15:13:52  459   9     13    21    17    28
      1916
      06 Sep    05:57:52  459   4     10    25    14    31
      1916
      07 Sep    03:03:44  458   6     13    23    15    30
      1916
      06 Sep    14:59:28  457   3     10    25    12    29
      1916
      06 Sep    05:24:48  457   4     8     27    11    33
      1916
      06 Sep    21:33:44  456   7     17    24    15    28
      1916
      07 Sep    03:00:00  456   8     10    24    13    31
      1916
      06 Sep    12:40:16  455   8     11    23    15    28
      1916
      06 Sep    13:28:56  455   4     9     24    11    34
      1916
      06 Sep    12:09:04  454   7     14    26    12    33
      1916
      06 Sep    15:06:32  454   9     17    24    13    31
      1916
      06 Sep    13:57:44  454   6     11    24    12    32
      1916
      06 Sep    19:21:12  453   3     9     23    14    29
      1916
      06 Sep    09:23:12  453   8     15    27    9     34
      1916
      06 Sep    20:09:04  453   8     19    26    12    29
      1916
      06 Sep    09:09:44  453   10    16    27    11    35
      1916
      06 Sep    23:22:56  452   4     11    24    14    28
      1916
      07 Sep    02:58:56  451   6     13    23    13    29
      1916
      07 Sep    02:37:36  450   8     12    23    15    28
      1916
      06 Sep    11:45:28  450   4     12    26    13    27
      1916
      06 Sep    14:47:12  449   9     15    27    13    31
      1916
      06 Sep    23:00:24  448   7     16    29    11    35
      1916
      06 Sep    13:17:36  442   7     13    27    11    32
      1916
      07 Sep    01:00:48  442   5     12    25    10    30
      1916
      06 Sep    22:54:24  441   6     13    24    13    29
      1916
      07 Sep    00:15:12  441   7     13    24    12    28
      1916
      06 Sep    15:42:24  441   4     13    24    11    34
      1916
      06 Sep    16:47:20  440   10    19    24    11    31
      1916
      06 Sep    23:50:40  438   6     8     24    13    29
      1916
      06 Sep    11:47:36  436   4     7     24    12    33
      1916
      06 Sep    23:24:56  435   10    14    27    12    30
      1916
      06 Sep    10:19:04  435   4     10    26    8     35
      1916
      07 Sep    01:08:56  435   8     16    24    11    34
      1916
      06 Sep    10:56:00  433   5     13    22    13    26
      1916
      06 Sep    21:17:12  429   8     10    21    15    29
      1916
      06 Sep    08:56:00  429   8     13    23    13    25
      1916
      06 Sep    20:29:28  429   8     11    21    14    29
      1916
      07 Sep    01:24:08  429   5     8     23    14    25
      1916
      06 Sep    20:50:24  428   6     12    24    11    32
      1916
      07 Sep    02:28:00  427   6     14    22    11    29
      1916
      06 Sep    08:21:28  425   3     9     25    10    31
      1916
      06 Sep    13:39:20  425   9     15    25    9     33
      1916
      06 Sep    12:34:32  424   5     9     25    11    30
      1916
      06 Sep    15:02:08  424   9     11    23    10    28
      1916
      07 Sep    04:44:56  424   9     14    23    15    28
      1916
      06 Sep    05:19:04  423   4     10    22    12    27
      1916
      07 Sep    03:52:48  422   5     12    24    12    29
      1916
      06 Sep    15:39:12  422   1     8     20    15    25
      1916
      06 Sep    08:35:36  422   6     13    24    10    34
      1916
      07 Sep    02:40:48  421   7     14    23    11    30
      1916
      06 Sep    14:48:32  421   7     10    23    14    26
      1916
      06 Sep    20:46:16  421   9     15    24    11    34
      1916
      06 Sep    13:52:16  420   7     11    23    12    31
      1916
      06 Sep    13:24:32  419   5     12    26    9     29
      1916
      06 Sep    21:43:04  419   5     11    24    13    25
      1916
      06 Sep    13:10:00  418   11    15    25    11    33
      1916
      06 Sep    08:38:40  417   4     10    21    12    29
      1916
      06 Sep    20:59:04  416   7     12    24    11    31
      1916
      06 Sep    23:31:28  416   2     8     24    10    32
      1916
      07 Sep    04:28:24  415   5     9     21    14    26
      1916
      06 Sep    21:08:16  413   7     12    23    11    30
      1916
      07 Sep    03:13:04  413   5     10    22    13    29
      1916
      06 Sep    09:46:24  413   7     14    22    13    24
      1916
      06 Sep    20:23:12  412   4     9     21    14    25
      1916
      06 Sep    15:32:00  412   1     12    23    11    29
      1916
      06 Sep    13:08:08  412   4     7     22    15    27
      1916
      07 Sep    01:23:04  412   4     9     26    11    31
      1916
      06 Sep    14:23:20  411   9     12    22    10    31
      1916
      07 Sep    03:20:56  410   5     12    22    10    30
      1916
      06 Sep    20:35:36  410   4     9     20    14    27
      1916
      06 Sep    05:33:44  409   5     14    22    12    27
      1916
      06 Sep    14:42:16  409   6     13    23    13    27
      1916
      06 Sep    19:09:04  409   8     15    24    12    29
      1916
      06 Sep    22:51:28  408   8     9     22    10    30
      1916
      06 Sep    21:35:52  407   4     13    23    11    28
      1916
      06 Sep    22:35:12  407   8     13    22    11    28
      1916
      06 Sep    10:27:04  407   6     10    24    7     33
      1916
      06 Sep    16:37:28  407   5     8     20    10    32
      1916
      07 Sep    03:34:16  406   12    15    23    12    27
      1916
      07 Sep    02:49:12  406   7     10    24    11    27
      1916
      06 Sep    05:27:28  406   6     15    22    13    25
      1916
      06 Sep    08:54:16  406   9     14    22    11    29
      1916
      06 Sep    09:36:32  406   4     10    23    8     31
      1916
      07 Sep    00:32:00  406   6     11    25    9     32
      1916
      06 Sep    19:04:00  405   5     11    23    11    25
      1916
      06 Sep    23:27:36  405   6     13    23    10    27
      1916
      06 Sep    23:06:32  405   5     9     21    13    25
      1916
      07 Sep    04:22:48  405   1     11    21    10    29
      1916
      06 Sep    05:56:32  405   6     13    21    13    29
      1916
      07 Sep    02:23:28  403   8     13    21    14    25
      1916
      06 Sep    07:23:44  403   5     9     22    11    27
      1916
      07 Sep    03:08:00  402   6     12    24    10    30
      1916
      07 Sep    00:12:24  402   5     10    23    12    30
      1916
      07 Sep    00:45:04  402   5     10    25    9     31
      1916
      06 Sep    13:42:48  401   6     13    23    11    28
      1916
      06 Sep    21:21:20  401   6     10    22    12    28
      1916
      06 Sep    12:57:44  400   10    12    23    12    27
      1916
      06 Sep    09:03:04  399   7     11    22    9     33
      1916
      06 Sep    22:14:16  399   8     13    24    10    26
      1916
      06 Sep    23:40:08  399   4     8     21    12    25
      1916
      06 Sep    14:49:36  398   3     9     23    8     32
      1916
      06 Sep    11:59:36  398   5     10    22    9     33
      1916
      06 Sep    21:44:56  397   5     9     23    10    28
      1916
      07 Sep    00:03:12  397   5     9     25    7     31
      1916
      06 Sep    19:05:52  397   8     12    23    11    29
      1916
      06 Sep    13:46:00  397   5     13    23    11    29
      1916
      07 Sep    02:46:40  397   10    19    22    13    24
      1916
      06 Sep    22:50:24  396   8     12    22    11    27
      1916
      07 Sep    02:45:04  396   5     7     20    12    24
      1916
      06 Sep    10:15:20  395   1     7     22    10    30
      1916
      06 Sep    06:27:44  395   4     10    21    12    27
      1916
      06 Sep    09:59:04  395   6     11    23    10    29
      1916
      06 Sep    14:54:32  394   6     11    23    9     30
      1916
      06 Sep    21:53:52  394   7     12    26    10    29
      1916
      06 Sep    22:56:40  393   3     9     22    10    26
      1916
      06 Sep    11:21:36  393   3     10    24    10    29
      1916
      06 Sep    12:04:40  393   7     13    23    8     35
      1916
      06 Sep    06:07:44  392   7     11    23    9     29
      1916
      06 Sep    11:26:40  392   9     16    25    11    28
      1916
      06 Sep    22:42:08  392   5     9     22    11    26
      1916
      06 Sep    08:27:20  391   3     10    24    10    27
      1916
      06 Sep    15:10:16  391   9     14    20    13    27
      1916
      06 Sep    08:28:48  390   4     10    21    12    26
      1916
      06 Sep    15:08:08  390   4     10    21    13    25
      1916
      06 Sep    05:04:48  390   10    11    21    11    27
      1916