	22 May    02:48:24  286   10    15    16    8     21
	1813
	22 May    21:45:44  272   9     9     16    6     19
	1813
	22 May    20:47:12  262   8     9     16    8     18
	1813
	22 May    08:00:48  247   8     11    13    8     16
	1813
	22 May    07:09:52  239   8     9     14    6     17
	1813
	22 May    04:57:52  235   8     10    14    6     16
	1813
	21 May    23:51:44  314   7     8     15    13    17
	1813
	22 May    21:23:44  272   7     10    17    6     21
	1813
	22 May    14:46:32  267   7     13    17    6     18
	1813
	22 May    12:50:48  262   7     10    15    6     19
	1813
	22 May    02:53:20  259   7     12    16    7     17
	1813
	22 May    04:53:36  248   7     8     12    7     17
	1813
	22 May    07:52:08  244   7     10    15    6     18
	1813
	22 May    20:25:52  243   7     10    15    5     20
	1813
	22 May    05:54:00  345   6     11    18    11    21
	1813
	22 May    11:43:20  293   6     9     16    8     19
	1813
	22 May    12:43:12  282   6     10    20    6     23
	1813
	22 May    19:10:00  280   6     9     16    6     20
	1813
	22 May    08:29:20  277   6     8     18    4     22
	1813
	22 May    08:46:08  275   6     11    17    7     20
	1813
	22 May    15:31:28  264   6     7     15    7     18
	1813
	22 May    00:54:24  263   6     10    13    6     19
	1813
	21 May    23:40:08  263   6     10    15    7     18
	1813
	22 May    14:01:52  261   6     10    14    6     20
	1813
	22 May    01:42:32  260   6     11    17    6     20
	1813
	22 May    08:18:32  258   6     9     14    6     17
	1813
	22 May    15:05:12  258   6     8     18    3     20
	1813
	22 May    06:50:32  255   6     12    16    5     22
	1813
	22 May    04:50:40  253   6     9     16    4     19
	1813
	21 May    23:57:12  252   6     8     15    6     20
	1813
	22 May    07:47:04  249   6     10    16    3     21
	1813
	22 May    13:53:04  241   6     8     13    8     14
	1813
	21 May    23:07:52  240   6     9     14    5     18
	1813
	22 May    02:23:20  240   6     11    16    6     17
	1813
	22 May    13:41:28  239   6     11    14    7     17
	1813
	22 May    06:01:52  238   6     7     13    5     16
	1813
	22 May    02:30:56  237   6     9     15    5     16
	1813
	22 May    11:12:16  234   6     9     15    7     17
	1813
	22 May    20:52:48  225   6     8     11    7     12
	1813
	22 May    12:56:24  309   5     11    17    8     22
	1813
	22 May    17:53:36  306   5     10    17    10    21
	1813
	22 May    00:53:04  298   5     11    16    9     17
	1813
	22 May    00:57:28  296   5     11    19    8     22
	1813
	22 May    12:37:44  294   5     12    15    11    16
	1813
	22 May    22:58:00  292   5     9     16    6     21
	1813
	22 May    00:18:48  276   5     11    18    6     22
	1813
	22 May    00:51:12  272   5     7     13    8     19
	1813
	22 May    22:50:00  271   5     8     15    6     21
	1813
	22 May    04:59:12  270   5     8     16    7     18
	1813
	22 May    14:10:48  270   5     9     16    7     18
	1813
	22 May    14:48:40  267   5     10    16    6     21
	1813
	22 May    17:04:24  266   5     10    17    7     18
	1813
	22 May    15:50:32  265   5     9     14    5     22
	1813
	22 May    03:46:00  264   5     10    16    7     20
	1813
	22 May    11:06:24  261   5     8     15    9     16
	1813
	22 May    16:44:40  259   5     7     16    5     20
	1813
	22 May    15:42:24  255   5     8     14    8     16
	1813
	22 May    01:57:04  253   5     8     14    7     19
	1813
	22 May    03:59:12  253   5     8     16    6     20
	1813
	22 May    15:57:12  251   5     10    17    4     20
	1813
	22 May    22:21:36  246   5     10    15    7     17
	1813
	22 May    07:30:48  245   5     8     14    5     18
	1813
	22 May    20:33:28  242   5     8     14    6     19
	1813
	22 May    02:51:52  240   5     7     14    6     17
	1813
	22 May    01:40:48  236   5     9     15    3     20
	1813
	22 May    02:02:48  230   5     7     13    3     19
	1813
	22 May    14:30:48  229   5     11    12    6     18
	1813
	22 May    07:01:44  227   5     8     12    7     15
	1813
	21 May    23:54:24  325   4     5     21    7     23
	1813
	22 May    19:08:48  293   4     6     17    9     21
	1813
	22 May    02:27:12  287   4     11    18    8     21
	1813
	22 May    11:21:28  281   4     7     15    8     19
	1813
	22 May    19:20:00  279   4     7     14    10    16
	1813
	22 May    12:59:36  278   4     6     17    5     21
	1813
	22 May    20:10:56  276   4     8     15    10    18
	1813
	22 May    07:21:12  276   4     8     15    8     19
	1813
	22 May    20:30:08  266   4     10    17    6     18
	1813
	22 May    02:45:20  264   4     7     15    5     19
	1813
	22 May    06:42:00  262   4     9     17    4     19
	1813
	22 May    02:11:20  259   4     9     15    7     17
	1813
	22 May    07:18:00  255   4     8     16    6     19
	1813
	22 May    16:49:28  253   4     7     16    3     20
	1813
	22 May    13:15:36  239   4     8     16    5     18
	1813
	22 May    05:37:28  239   4     8     15    5     17
	1813
	22 May    12:34:08  237   4     9     11    8     16
	1813
	22 May    09:59:36  237   4     6     14    4     18
	1813
	22 May    12:31:04  236   4     7     14    6     18
	1813
	22 May    07:54:08  236   4     8     14    7     18
	1813
	22 May    01:04:08  235   4     7     15    4     19
	1813
	22 May    08:07:04  235   4     6     14    5     15
	1813
	22 May    01:53:28  234   4     9     16    4     18
	1813
	22 May    03:13:44  232   4     8     11    6     19
	1813
	22 May    16:56:40  229   4     8     13    6     16
	1813
	22 May    11:46:40  228   4     9     13    6     14
	1813
	22 May    10:10:08  317   3     6     16    7     24
	1813
	22 May    02:35:28  314   3     10    20    7     24
	1813
	22 May    04:43:12  303   3     8     17    9     17
	1813
	22 May    13:26:40  294   3     10    17    8     21
	1813
	21 May    23:01:20  270   3     10    14    7     18
	1813
	21 May    23:34:00  264   3     7     13    7     19
	1813
	21 May    23:32:24  262   3     8     13    8     16
	1813
	22 May    00:42:00  256   3     11    14    7     18
	1813
	22 May    19:45:20  256   3     7     13    6     17
	1813
	22 May    16:50:48  255   3     5     15    5     20
	1813
	22 May    22:12:48  252   3     5     15    5     19
	1813
	22 May    19:22:08  243   3     7     15    6     16
	1813
	22 May    07:02:48  242   3     7     15    6     17
	1813
	22 May    22:00:48  237   3     8     14    5     20
	1813
	22 May    07:06:24  237   3     6     14    6     18
	1813
	22 May    20:42:08  236   3     6     13    6     16
	1813
	22 May    05:58:08  233   3     7     13    7     17
	1813
	22 May    01:28:40  228   3     6     11    7     18
	1813
	22 May    00:20:24  225   3     8     16    4     20
	1813
	21 May    23:30:32  368   2     8     20    12    22
	1813
	22 May    16:39:12  305   2     8     15    11    18
	1813
	22 May    00:13:28  305   2     7     13    12    19
	1813
	21 May    23:18:24  285   2     8     15    10    19
	1813
	21 May    23:23:28  282   2     7     16    7     19
	1813
	22 May    15:14:40  279   2     7     15    6     21
	1813
	22 May    20:16:24  274   2     7     16    5     20
	1813
	21 May    23:14:48  263   2     11    15    7     18
	1813
	22 May    11:19:36  260   2     10    15    6     16
	1813
	22 May    14:34:56  257   2     6     14    9     15
	1813
	22 May    04:24:56  256   2     7     15    8     16
	1813
	22 May    04:31:20  255   2     9     14    9     18
	1813
	22 May    20:24:32  251   2     7     14    6     20
	1813
	22 May    13:19:12  249   2     5     14    8     15
	1813
	22 May    22:36:40  241   2     5     14    6     18
	1813
	22 May    08:11:44  231   2     4     13    9     14
	1813
	22 May    05:45:20  231   2     8     14    5     19
	1813
	22 May    06:27:36  229   2     7     12    7     16
	1813
	22 May    06:32:00  229   2     7     11    8     15
	1813
	22 May    01:39:20  226   2     6     11    5     15
	1813
