     30 Nov    01:51:36  233   9     11    15    4     20
     1874
     30 Nov    02:36:24  398   8     13    20    10    34
     1874
     30 Nov    01:34:00  330   7     15    20    6     24
     1874
     30 Nov    00:49:36  296   7     10    18    6     25
     1874
     30 Nov    00:34:56  259   7     12    15    5     20
     1874
     30 Nov    01:15:12  254   7     11    15    5     21
     1874
     30 Nov    00:04:56  376   7     11    22    9     30
     1874
     30 Nov    01:24:48  248   7     11    16    4     20
     1874
     30 Nov    01:39:20  384   6     12    23    9     29
     1874
     30 Nov    01:40:56  404   6     12    20    14    25
     1874
     30 Nov    00:20:16  318   6     8     19    9     23
     1874
     30 Nov    00:55:28  248   6     7     13    7     17
     1874
     30 Nov    01:38:00  356   6     10    19    10    26
     1874
     30 Nov    02:34:24  234   6     8     15    3     23
     1874
     30 Nov    02:25:52  273   6     9     14    9     20
     1874
     30 Nov    00:42:24  237   6     6     14    5     19
     1874
     30 Nov    01:29:44  308   6     9     15    8     22
     1874
     30 Nov    02:06:24  306   6     8     16    7     21
     1874
     30 Nov    01:54:16  314   6     8     18    11    21
     1874
     30 Nov    00:30:08  240   6     7     13    5     18
     1874
     30 Nov    00:53:12  261   5     10    17    5     21
     1874
     30 Nov    01:48:24  317   5     10    18    8     25
     1874
     30 Nov    01:56:08  278   5     6     15    7     21
     1874
     30 Nov    00:11:28  407   5     10    22    9     31
     1874
     30 Nov    00:26:24  265   5     10    15    6     20
     1874
     30 Nov    00:00:00  264   5     9     17    5     22
     1874
     30 Nov    02:17:04  243   5     6     12    7     18
     1874
     30 Nov    01:35:04  349   5     13    20    7     25
     1874
     30 Nov    00:52:08  270   5     10    17    6     21
     1874
     30 Nov    00:21:52  309   5     11    20    4     25
     1874
     30 Nov    01:22:24  208   5     8     15    4     17
     1874
     30 Nov    00:44:40  247   5     5     13    9     16
     1874
     30 Nov    00:09:28  313   5     8     18    6     26
     1874
     30 Nov    00:32:48  281   5     8     16    8     21
     1874
     30 Nov    02:14:48  273   5     7     14    8     19
     1874
     30 Nov    02:40:32  281   5     7     16    8     20
     1874
     30 Nov    01:10:08  227   5     8     11    5     20
     1874
     30 Nov    00:23:12  354   5     7     19    8     25
     1874
     30 Nov    01:46:40  216   5     7     12    4     17
     1874
     30 Nov    00:39:20  307   5     7     17    11    19
     1874
     30 Nov    00:14:32  251   4     10    15    5     19
     1874
     30 Nov    00:24:24  356   4     8     21    8     29
     1874
     30 Nov    01:12:32  248   4     8     12    6     19
     1874
     30 Nov    00:47:36  358   4     10    20    8     29
     1874
     30 Nov    00:17:12  381   4     8     20    10    27
     1874
     30 Nov    02:59:12  255   4     10    15    6     21
     1874
     30 Nov    02:57:36  247   4     9     17    6     18
     1874
     30 Nov    02:29:12  423   4     11    25    12    28
     1874
     30 Nov    02:51:20  233   4     5     12    5     20
     1874
     30 Nov    02:18:56  237   4     6     15    5     18
     1874
     30 Nov    01:20:40  195   4     5     14    2     17
     1874
     30 Nov    02:13:12  291   4     7     17    8     19
     1874
     30 Nov    01:08:32  232   4     7     13    7     15
     1874
     30 Nov    02:03:44  231   4     6     11    7     18
     1874
     30 Nov    02:00:32  309   4     6     18    9     23
     1874
     30 Nov    02:47:52  256   3     7     17    4     21
     1874
     30 Nov    01:23:44  261   3     7     15    9     17
     1874
     30 Nov    02:43:36  314   3     8     15    12    18
     1874
     30 Nov    01:44:24  311   3     8     16    7     25
     1874
     30 Nov    01:32:08  285   3     8     14    8     20
     1874
     30 Nov    01:02:56  326   3     8     16    8     27
     1874
     30 Nov    01:13:52  279   3     9     15    9     20
     1874
     30 Nov    02:55:36  259   3     4     13    7     18
     1874
     30 Nov    02:11:04  224   3     6     12    6     17
     1874
     30 Nov    02:02:00  258   3     5     16    7     20
     1874
     30 Nov    02:21:44  337   3     9     22    7     26
     1874
     30 Nov    02:10:00  235   3     5     13    6     19
     1874
     30 Nov    00:57:44  203   3     5     11    4     17
     1874
     30 Nov    02:45:36  313   2     9     19    8     23
     1874
     30 Nov    01:18:16  157   2     7     10    2     16
     1874
     30 Nov    02:49:36  255   2     6     16    5     20
     1874
     30 Nov    01:00:32  326   2     8     20    9     23
     1874
     30 Nov    02:08:08  304   2     6     15    10    21
     1874
     30 Nov    02:32:56  236   1     5     13    5     19
     1874
     30 Nov    00:01:20  240   1     5     14    6     20
     1874
     30 Nov    02:53:36  213   1     3     11    5     16
     1874