



     Polaris V1.1                                 Printed  Nov 13 2024  21:29:31
                              Lilly Allen
                        Rectification Results - Radix

     From : 16 Nov 1997       To : 16 Nov 1997  
     05:00:00  GMT            16:00:00  GMT
     Longitude : 039E39' Set 1 ( 19 events)  Orbs : 5.6/10.8
     30"
     Latitude    :       Peaks Sorted By T   Interval : 8 s
     04S02' 32"

     Date      Time      T     A     B     C     D     E
     16 Nov    07:14:08  530   5     9     28    13    36
     1997
     16 Nov    05:33:52  526   9     17    28    15    33
     1997
     16 Nov    07:18:56  517   9     18    32    12    36
     1997
     16 Nov    05:28:00  509   6     14    25    16    33
     1997
     16 Nov    13:25:36  504   9     18    28    16    31
     1997
     16 Nov    14:01:36  499   13    17    28    12    37
     1997
     16 Nov    07:53:12  492   9     13    29    13    36
     1997
     16 Nov    15:28:56  491   3     14    28    14    33
     1997
     16 Nov    11:37:28  486   8     18    31    11    32
     1997
     16 Nov    07:48:32  482   8     14    27    13    32
     1997
     16 Nov    15:12:16  480   11    18    27    13    31
     1997
     16 Nov    15:22:00  475   9     16    26    17    28
     1997
     16 Nov    11:16:56  471   10    20    27    12    34
     1997
     16 Nov    09:21:44  466   8     19    29    12    35
     1997
     16 Nov    06:09:36  462   10    15    24    15    32
     1997
     16 Nov    05:52:56  460   3     11    25    11    31
     1997
     16 Nov    11:36:16  459   12    20    28    11    34
     1997
     16 Nov    11:27:04  458   10    15    26    11    34
     1997
     16 Nov    05:49:04  450   10    15    22    14    32
     1997
     16 Nov    05:18:08  448   5     15    26    12    34
     1997
     16 Nov    07:23:20  443   5     11    24    8     37
     1997
     16 Nov    05:43:52  439   7     12    26    8     34
     1997
     16 Nov    11:30:00  437   8     17    23    14    30
     1997
     16 Nov    10:04:16  435   9     14    23    14    27
     1997
     16 Nov    13:12:16  432   7     11    23    12    31
     1997
     16 Nov    09:08:32  431   7     17    25    10    32
     1997



     16 Nov    09:40:16  430   4     14    23    12    32
     1997
     16 Nov    09:14:48  428   10    20    23    12    32
     1997
     16 Nov    05:30:48  425   7     12    25    11    31
     1997
     16 Nov    09:11:36  425   11    16    24    12    33
     1997
     16 Nov    15:02:48  425   3     10    21    12    27
     1997
     16 Nov    14:52:48  424   8     17    23    13    29
     1997
     16 Nov    15:33:20  423   4     13    21    13    30
     1997
     16 Nov    09:57:12  419   7     14    24    12    29
     1997
     16 Nov    05:12:40  417   4     10    21    11    33
     1997
     16 Nov    07:34:08  414   6     12    23    11    29
     1997
     16 Nov    15:52:56  413   4     8     23    10    29
     1997
     16 Nov    09:17:04  412   6     13    22    12    28
     1997
     16 Nov    11:58:48  412   6     14    24    13    28
     1997
     16 Nov    13:32:08  412   7     13    25    10    33
     1997
     16 Nov    15:04:48  412   10    15    26    6     36
     1997
     16 Nov    05:14:32  411   12    15    24    10    27
     1997
     16 Nov    11:42:08  411   12    21    27    10    29
     1997
     16 Nov    11:06:24  410   7     15    24    12    28
     1997
     16 Nov    09:16:00  409   5     14    21    11    30
     1997
     16 Nov    09:47:36  408   12    18    23    12    28
     1997
     16 Nov    09:33:44  404   11    19    26    9     29
     1997
     16 Nov    15:43:20  404   9     11    19    14    26
     1997
     16 Nov    07:28:00  403   8     14    25    11    26
     1997
     16 Nov    09:04:24  403   8     16    23    12    25
     1997
     16 Nov    07:20:16  402   6     13    23    11    27
     1997
     16 Nov    06:55:28  399   7     15    23    10    32
     1997
     16 Nov    09:31:04  399   7     15    24    13    27
     1997
     16 Nov    09:37:28  399   7     15    20    13    27
     1997
     16 Nov    09:50:56  398   10    17    24    10    30
     1997
     16 Nov    07:32:40  397   8     11    20    12    29
     1997
     16 Nov    09:59:28  397   4     9     22    11    27
     1997
     16 Nov    13:11:12  397   5     11    21    10    31
     1997
     16 Nov    07:45:12  396   7     12    22    11    31
     1997



     16 Nov    08:57:20  396   9     15    23    8     31
     1997
     16 Nov    06:53:20  395   4     10    21    9     32
     1997
     16 Nov    10:45:20  393   5     15    22    11    29
     1997
     16 Nov    15:18:40  391   7     11    20    10    28
     1997
     16 Nov    09:23:12  388   4     8     19    10    33
     1997
     16 Nov    06:40:08  387   6     13    22    10    27
     1997
     16 Nov    06:03:04  386   4     7     20    12    26
     1997
     16 Nov    13:45:12  385   5     8     22    10    25
     1997
     16 Nov    07:31:28  384   6     11    21    13    24
     1997
     16 Nov    05:24:24  383   4     8     20    9     28
     1997
     16 Nov    07:51:12  383   3     8     19    11    29
     1997
     16 Nov    10:51:28  381   5     12    22    10    25
     1997
     16 Nov    11:22:40  381   7     12    21    10    27
     1997
     16 Nov    13:38:32  380   7     13    22    8     29
     1997
     16 Nov    15:50:56  380   10    15    23    9     30
     1997
     16 Nov    09:30:00  379   5     7     20    13    29
     1997
     16 Nov    08:50:56  378   5     12    20    15    24
     1997
     16 Nov    05:39:20  377   4     8     19    11    27
     1997
     16 Nov    11:55:52  377   9     17    21    8     32
     1997
     16 Nov    09:45:04  375   2     10    19    11    29
     1997
     16 Nov    13:39:52  375   5     8     24    9     27
     1997
     16 Nov    14:51:44  374   5     14    23    9     27
     1997
     16 Nov    14:58:08  373   5     9     21    9     28
     1997
     16 Nov    05:06:08  371   2     6     18    10    28
     1997
     16 Nov    08:43:04  370   4     13    19    8     27
     1997
     16 Nov    11:34:00  370   5     12    22    8     27
     1997
     16 Nov    09:28:48  368   6     11    19    12    25
     1997
     16 Nov    11:51:12  368   5     11    19    9     30
     1997
     16 Nov    10:30:48  366   6     13    19    12    28
     1997
     16 Nov    12:35:36  365   3     9     19    11    26
     1997
     16 Nov    13:15:44  365   4     9     22    9     25
     1997
     16 Nov    14:21:28  365   4     10    18    10    29
     1997
     16 Nov    12:49:28  364   2     9     19    8     30
     1997



     16 Nov    07:10:32  361   0     6     18    12    28
     1997
     16 Nov    09:19:04  361   9     14    20    9     30
     1997
     16 Nov    08:48:00  360   9     16    20    10    26
     1997
     16 Nov    13:02:40  360   7     10    23    8     27
     1997
     16 Nov    06:05:12  358   8     11    21    10    26
     1997
     16 Nov    11:10:40  357   5     10    19    10    24
     1997
     16 Nov    12:52:00  357   3     7     18    10    25
     1997
     16 Nov    12:34:24  356   5     10    19    12    25
     1997
     16 Nov    11:40:32  355   5     9     20    9     23
     1997
     16 Nov    10:06:00  354   5     11    20    11    25
     1997
     16 Nov    13:21:12  352   3     6     19    9     23
     1997
     16 Nov    15:09:36  352   6     11    20    8     25
     1997
     16 Nov    08:08:32  350   5     9     22    8     24
     1997
     16 Nov    09:26:08  350   6     14    19    9     27
     1997
     16 Nov    07:38:48  349   6     11    21    8     26
     1997
     16 Nov    09:27:28  348   8     14    19    10    25
     1997
     16 Nov    07:57:44  347   7     14    21    8     28
     1997
     16 Nov    15:36:40  347   2     12    20    9     25
     1997
     16 Nov    09:01:04  346   10    19    22    8     27
     1997
     16 Nov    09:41:52  345   6     12    18    11    27
     1997
     16 Nov    13:37:20  344   6     12    19    9     27
     1997
     16 Nov    15:20:00  344   6     11    20    7     23
     1997
     16 Nov    15:37:52  344   3     11    19    8     25
     1997
     16 Nov    05:03:52  343   5     11    21    9     22
     1997
     16 Nov    08:55:12  342   4     9     16    9     26
     1997
     16 Nov    15:47:28  342   5     11    20    8     29
     1997
     16 Nov    08:24:56  341   7     11    20    9     24
     1997
     16 Nov    13:16:56  341   2     8     19    9     22
     1997
     16 Nov    13:42:48  340   5     8     18    8     26
     1997
     16 Nov    10:18:32  338   6     10    19    8     25
     1997
     16 Nov    11:49:36  338   8     11    16    10    23
     1997
     16 Nov    13:09:52  338   5     12    22    8     26
     1997
     16 Nov    14:38:24  338   4     10    20    11    24
     1997



     16 Nov    08:31:20  336   4     11    18    8     28
     1997
     16 Nov    10:23:52  336   5     12    19    9     26
     1997
     16 Nov    13:05:52  336   5     10    20    5     28
     1997
     16 Nov    11:00:08  335   8     14    17    9     27
     1997
     16 Nov    11:19:44  335   5     13    18    8     24
     1997
     16 Nov    15:14:40  335   7     13    20    6     26
     1997
     16 Nov    08:03:20  334   3     5     20    6     25
     1997
     16 Nov    11:53:28  334   3     12    19    8     24
     1997
     16 Nov    12:23:52  333   2     8     17    10    21
     1997
     16 Nov    15:41:04  333   4     11    19    7     28
     1997
     16 Nov    08:59:36  331   8     17    21    7     29
     1997
     16 Nov    13:47:12  330   7     12    20    7     25
     1997
     16 Nov    13:49:28  330   5     7     17    6     30
     1997
     16 Nov    14:35:20  330   3     11    19    8     23
     1997
     16 Nov    07:41:28  328   8     12    19    10    26
     1997
     16 Nov    07:59:28  328   2     7     17    9     24
     1997
     16 Nov    14:26:32  328   4     8     17    9     24
     1997
     16 Nov    12:55:20  327   6     9     19    7     27
     1997
     16 Nov    15:07:36  327   6     12    19    9     24
     1997
     16 Nov    13:07:12  326   3     9     18    9     21
     1997
     16 Nov    08:52:48  323   5     15    20    8     23
     1997
     16 Nov    12:56:40  322   8     10    17    7     25
     1997
     16 Nov    06:31:44  321   3     7     17    8     28
     1997
     16 Nov    08:28:32  321   9     16    20    7     24
     1997
     16 Nov    10:21:12  320   4     11    16    11    19
     1997