



     Polaris V1.1                                 Printed  Nov 14 2024  02:35:46
                            Midday M Chart
                        Rectification Results - Radix

     From : 12 Jun 1974       To : 13 Jun 1974  
     21:00:00  GMT            21:00:00  GMT
     Longitude : 039E39' Set 1 ( 23 events)  Orbs : 5.6/10.8
     45"
     Latitude    :       Peaks Sorted By T   Interval : 8 s
     04S03' 15"

     Date      Time      T     A     B     C     D     E
     13 Jun    17:42:00  652   6     11    37    15    46
     1974
     13 Jun    01:45:20  634   4     14    30    20    41
     1974
     13 Jun    12:11:44  628   10    24    35    17    42
     1974
     12 Jun    22:42:56  618   6     13    30    19    37
     1974
     13 Jun    06:05:12  603   11    21    34    14    46
     1974
     13 Jun    00:04:24  587   5     12    34    14    40
     1974
     12 Jun    21:41:44  579   8     14    30    17    36
     1974
     13 Jun    02:25:12  571   7     17    34    10    45
     1974
     13 Jun    09:25:44  559   11    21    32    15    41
     1974
     13 Jun    00:20:16  553   10    17    29    14    37
     1974
     13 Jun    03:21:44  550   4     13    31    16    41
     1974
     13 Jun    00:15:36  549   8     15    25    17    37
     1974
     13 Jun    08:05:28  542   6     18    27    17    35
     1974
     13 Jun    07:44:32  539   9     17    29    19    34
     1974
     13 Jun    19:17:28  538   5     11    27    14    34
     1974
     13 Jun    02:11:12  536   8     13    31    14    32
     1974
     13 Jun    19:20:16  532   9     15    32    12    39
     1974
     13 Jun    01:35:36  529   7     15    28    15    34
     1974
     13 Jun    02:18:08  529   8     16    30    17    34
     1974
     13 Jun    10:41:04  527   8     16    29    13    38
     1974
     13 Jun    09:40:00  527   10    16    32    11    37
     1974
     12 Jun    23:47:36  525   9     14    26    18    32
     1974
     13 Jun    05:58:24  524   7     12    31    12    37
     1974
     13 Jun    02:29:12  521   5     9     26    16    36
     1974
     13 Jun    07:48:24  518   7     14    29    16    35
     1974
     13 Jun    08:08:40  518   6     14    30    14    34
     1974



     13 Jun    11:57:04  514   7     17    28    17    33
     1974
     13 Jun    06:28:16  514   8     18    28    14    35
     1974
     13 Jun    08:06:32  512   8     15    29    15    35
     1974
     13 Jun    14:14:48  509   6     13    29    15    38
     1974
     13 Jun    15:13:04  507   6     14    29    12    35
     1974
     13 Jun    07:18:32  506   10    15    27    14    32
     1974
     13 Jun    18:19:04  506   9     16    29    14    38
     1974
     13 Jun    07:51:20  505   8     16    26    13    35
     1974
     13 Jun    19:04:48  505   9     13    25    12    37
     1974
     12 Jun    23:57:20  502   4     12    25    9     38
     1974
     13 Jun    14:21:52  502   9     17    33    10    34
     1974
     13 Jun    06:21:28  502   10    14    28    13    32
     1974
     13 Jun    09:18:56  502   7     18    27    16    34
     1974
     13 Jun    19:35:36  500   6     21    27    18    29
     1974
     13 Jun    19:27:12  498   3     10    26    15    33
     1974
     13 Jun    08:00:24  498   6     10    26    17    32
     1974
     13 Jun    19:42:00  496   6     13    26    15    33
     1974
     13 Jun    06:33:44  496   8     14    28    16    32
     1974
     13 Jun    20:03:28  496   7     17    27    13    37
     1974
     13 Jun    01:57:12  494   7     17    26    15    32
     1974
     13 Jun    14:08:32  494   3     12    29    14    34
     1974
     13 Jun    11:09:52  490   2     9     28    10    37
     1974
     13 Jun    01:55:20  489   11    19    26    15    31
     1974
     13 Jun    08:01:52  489   8     14    27    13    35
     1974
     13 Jun    08:18:56  486   8     13    27    11    39
     1974
     12 Jun    21:51:04  486   7     13    25    15    32
     1974
     13 Jun    19:46:40  485   9     13    26    12    34
     1974
     13 Jun    01:28:56  485   8     12    24    14    32
     1974
     13 Jun    15:17:20  484   7     13    25    15    35
     1974
     13 Jun    06:31:12  483   7     15    23    14    32
     1974
     13 Jun    12:06:08  482   9     17    30    11    36
     1974
     13 Jun    08:32:48  481   6     12    28    12    32
     1974
     13 Jun    20:23:44  480   9     14    26    14    31
     1974



     13 Jun    11:58:24  480   7     15    26    14    34
     1974
     13 Jun    07:38:08  478   4     15    25    14    31
     1974
     13 Jun    01:20:00  476   11    17    25    17    30
     1974
     13 Jun    12:37:44  476   10    17    26    14    33
     1974
     13 Jun    06:32:24  476   6     11    25    10    34
     1974
     13 Jun    11:45:28  474   8     14    23    15    33
     1974
     13 Jun    00:26:00  474   7     16    25    12    33
     1974
     13 Jun    18:31:12  474   9     18    27    11    34
     1974
     13 Jun    01:50:40  472   6     16    26    13    31
     1974
     12 Jun    23:20:08  472   4     7     24    10    34
     1974
     13 Jun    01:16:16  472   6     10    27    14    31
     1974
     13 Jun    12:21:44  471   10    14    25    12    33
     1974
     13 Jun    19:16:16  471   8     13    24    13    32
     1974
     13 Jun    06:00:08  470   8     17    26    14    31
     1974
     13 Jun    19:39:04  470   7     11    23    14    29
     1974
     13 Jun    08:12:08  467   8     14    26    10    34
     1974
     13 Jun    18:14:08  467   8     16    27    10    35
     1974
     13 Jun    14:31:36  467   3     8     24    14    31
     1974
     12 Jun    21:25:04  466   4     12    29    11    36
     1974
     13 Jun    01:21:12  466   7     12    26    11    31
     1974
     13 Jun    00:32:08  464   6     13    25    10    34
     1974
     13 Jun    08:21:28  463   2     10    23    12    31
     1974
     12 Jun    23:39:44  462   4     8     28    5     40
     1974
     13 Jun    02:02:32  462   7     16    26    13    33
     1974
     13 Jun    06:25:28  462   7     14    24    13    32
     1974
     13 Jun    17:23:52  461   4     9     24    12    34
     1974
     13 Jun    19:52:56  461   10    15    25    13    31
     1974
     13 Jun    01:36:40  461   7     12    23    11    37
     1974
     13 Jun    17:44:32  460   5     15    25    15    28
     1974
     13 Jun    16:33:28  460   7     14    28    9     42
     1974
     13 Jun    03:38:40  460   5     12    28    13    31
     1974
     13 Jun    06:12:08  459   6     15    27    13    33
     1974
     13 Jun    18:07:28  459   3     10    24    7     38
     1974



     13 Jun    04:27:12  458   5     10    26    11    39
     1974
     13 Jun    03:43:44  458   3     8     27    12    33
     1974
     13 Jun    14:17:36  458   6     15    29    11    31
     1974
     13 Jun    00:02:32  458   5     12    25    11    34
     1974
     13 Jun    08:02:56  457   6     14    24    12    35
     1974
     13 Jun    13:10:16  457   7     12    25    11    33
     1974
     13 Jun    01:41:44  456   8     14    24    13    31
     1974
     13 Jun    07:36:40  453   3     10    22    14    27
     1974
     13 Jun    11:23:36  452   4     8     26    11    33
     1974
     13 Jun    13:54:40  451   5     12    23    15    31
     1974
     12 Jun    23:26:56  451   5     13    25    12    34
     1974
     13 Jun    20:16:56  450   8     15    28    10    33
     1974
     13 Jun    14:02:40  449   8     18    27    13    29
     1974
     13 Jun    12:18:40  449   7     13    27    12    28
     1974
     12 Jun    23:48:40  449   4     11    25    11    34
     1974
     13 Jun    18:42:24  449   5     12    24    13    30
     1974
     13 Jun    18:52:08  448   11    14    23    13    31
     1974
     13 Jun    19:15:04  448   5     9     21    12    30
     1974
     13 Jun    11:50:16  447   11    17    24    14    30
     1974
     13 Jun    05:44:08  447   12    16    26    13    29
     1974
     13 Jun    10:34:32  446   7     10    26    12    33
     1974
     13 Jun    15:10:00  446   4     11    24    12    35
     1974
     12 Jun    22:02:08  445   9     14    28    10    32
     1974
     13 Jun    15:45:36  445   6     15    26    10    34
     1974
     12 Jun    23:25:04  444   6     14    27    9     32
     1974
     12 Jun    21:12:08  442   8     18    27    10    33
     1974
     13 Jun    13:33:20  442   7     16    23    11    29
     1974
     13 Jun    09:47:52  442   6     12    30    9     35
     1974
     13 Jun    13:35:20  442   5     12    25    10    33
     1974
     13 Jun    13:47:20  441   6     11    23    14    27
     1974
     13 Jun    13:20:00  441   7     12    24    13    29
     1974
     13 Jun    06:18:00  440   6     12    26    13    27
     1974
     13 Jun    04:18:56  440   4     13    26    11    35
     1974



     13 Jun    12:46:40  440   8     14    25    12    37
     1974
     13 Jun    06:43:36  439   3     9     25    10    34
     1974
     13 Jun    03:54:24  439   8     15    25    12    33
     1974
     12 Jun    21:31:20  438   7     13    27    10    29
     1974
     13 Jun    13:43:36  437   4     13    22    13    27
     1974
     13 Jun    18:03:20  437   9     12    24    11    32
     1974
     13 Jun    02:27:12  437   7     13    28    10    32
     1974
     13 Jun    07:40:48  436   9     14    24    14    28
     1974
     13 Jun    00:13:44  435   9     14    23    10    33
     1974
     12 Jun    22:05:04  435   7     9     25    12    33
     1974
     13 Jun    09:43:52  433   7     15    26    8     34
     1974
     13 Jun    20:15:52  433   4     14    24    12    32
     1974
     13 Jun    14:23:20  432   7     14    24    11    35
     1974
     13 Jun    20:46:16  432   6     11    24    12    28
     1974
     13 Jun    17:29:52  432   10    10    27    11    31
     1974
     13 Jun    15:05:36  431   10    15    27    8     30
     1974
     13 Jun    15:32:08  431   0     6     25    12    30
     1974
     13 Jun    20:08:48  429   5     12    23    10    33
     1974
     13 Jun    18:04:40  428   7     12    25    9     30
     1974
     13 Jun    15:43:52  428   7     16    23    11    35
     1974
     13 Jun    12:20:32  428   6     15    22    8     32
     1974
     12 Jun    21:45:44  427   7     9     26    7     33
     1974
     13 Jun    06:08:56  427   2     8     24    12    29
     1974
     13 Jun    06:53:44  424   7     19    23    11    30
     1974
     13 Jun    10:35:52  423   5     7     25    9     35
     1974