
     13 Jun    17:42:16  543   6     13    30    14    36
     1974
     13 Jun    12:11:44  517   8     20    30    13    36
     1974
     14 Jun    02:00:00  491   10    17    29    13    33
     1974
     13 Jun    22:38:56  481   7     13    25    11    32
     1974
     13 Jun    06:05:20  476   9     16    27    11    35
     1974
     13 Jun    21:05:12  471   5     11    27    12    33
     1974
     14 Jun    01:31:20  466   6     14    24    13    30
     1974
     13 Jun    15:10:00  461   4     10    28    13    35
     1974
     13 Jun    06:53:44  452   9     21    25    12    32
     1974
     14 Jun    02:14:24  447   4     9     27    12    34
     1974
     13 Jun    18:18:56  440   9     17    26    11    33
     1974
     13 Jun    05:58:24  433   6     9     26    9     31
     1974
     13 Jun    10:41:04  433   6     12    23    10    33
     1974
     13 Jun    21:14:00  433   8     13    25    12    32
     1974
     13 Jun    07:36:40  431   3     10    21    14    25
     1974
     13 Jun    09:25:44  431   9     18    27    11    32
     1974
     13 Jun    19:16:08  430   7     13    22    13    28
     1974
     14 Jun    01:27:04  428   7     18    24    11    26
     1974
     14 Jun    02:19:04  427   4     13    24    12    30
     1974
     13 Jun    19:28:08  426   5     10    21    16    24
     1974
     13 Jun    14:08:32  425   4     10    25    12    27
     1974
     13 Jun    12:37:44  424   8     13    23    13    29
     1974
     13 Jun    07:48:48  424   5     11    23    9     31
     1974
     13 Jun    06:20:56  418   7     10    22    12    25
     1974
     13 Jun    06:32:32  418   5     10    22    9     31
     1974
     13 Jun    21:21:12  416   3     10    24    12    30
     1974
     13 Jun    10:35:52  408   6     7     25    9     30
     1974
     13 Jun    08:06:32  407   6     10    23    12    28
     1974
     14 Jun    02:29:28  405   2     9     21    12    23
     1974
     14 Jun    00:35:36  405   6     11    26    9     29
     1974
     13 Jun    18:03:20  404   8     10    23    9     30
     1974
     13 Jun    11:58:24  404   6     11    23    13    27
     1974
     13 Jun    23:43:20  404   4     9     21    12    29
     1974
     13 Jun    19:46:40  402   7     10    21    10    28
     1974
     14 Jun    01:41:28  398   1     8     20    14    23
     1974
     13 Jun    11:09:52  398   2     9     24    6     32
     1974
     13 Jun    21:56:56  396   5     11    23    11    27
     1974
     13 Jun    14:15:04  394   7     12    23    11    29
     1974
     13 Jun    23:40:32  394   6     8     19    12    27
     1974
     13 Jun    03:21:28  394   5     13    25    12    29
     1974
     13 Jun    18:52:08  393   11    12    21    11    27
     1974
     13 Jun    08:05:28  393   6     13    20    12    25
     1974
     13 Jun    19:17:28  391   3     5     20    10    25
     1974
     13 Jun    19:19:28  390   6     8     18    10    27
     1974
     13 Jun    14:39:36  388   5     7     18    14    25
     1974
     13 Jun    07:38:08  386   3     14    21    11    27
     1974
     13 Jun    22:33:52  386   5     6     18    9     28
     1974
     13 Jun    19:41:28  385   4     10    22    8     32
     1974
     13 Jun    18:07:12  384   1     8     21    4     36
     1974
     14 Jun    01:36:56  384   3     7     18    12    27
     1974
     13 Jun    20:04:32  383   5     13    23    9     30
     1974
     13 Jun    11:25:04  383   7     13    22    12    26
     1974
     13 Jun    08:00:08  382   3     8     20    13    24
     1974
     13 Jun    12:21:44  382   8     11    21    8     27
     1974
     13 Jun    21:19:04  382   8     12    24    11    26
     1974
     13 Jun    14:31:36  382   2     5     20    13    25
     1974
     13 Jun    08:08:40  382   3     9     22    10    24
     1974
     14 Jun    02:08:24  381   4     9     23    12    25
     1974
     13 Jun    07:18:32  381   6     11    20    11    23
     1974
     13 Jun    19:35:36  378   5     15    20    14    21
     1974
     13 Jun    13:10:16  377   4     9     22    7     29
     1974
     13 Jun    10:53:04  376   4     11    20    11    27
     1974
     13 Jun    23:29:44  376   1     11    21    9     25
     1974
     13 Jun    12:46:40  375   8     14    23    10    31
     1974
     13 Jun    05:39:36  375   5     13    22    9     28
     1974
     13 Jun    23:35:44  374   4     9     20    9     29
     1974
     13 Jun    13:33:28  373   8     14    20    9     25
     1974
     14 Jun    00:36:56  373   4     12    22    11    27
     1974
     13 Jun    17:30:32  373   11    11    19    12    22
     1974
     14 Jun    01:53:44  373   4     11    17    13    24
     1974
     13 Jun    06:28:16  373   7     15    22    9     27
     1974
     13 Jun    18:25:44  372   5     10    20    11    25
     1974
     13 Jun    21:16:16  371   3     14    22    7     31
     1974
     14 Jun    00:30:24  370   6     10    18    12    27
     1974
     13 Jun    13:54:08  370   7     14    18    12    26
     1974
     13 Jun    19:26:08  370   7     15    22    8     26
     1974
     13 Jun    19:38:08  368   3     5     19    12    25
     1974
     13 Jun    14:17:20  368   6     13    23    8     25
     1974
     13 Jun    16:33:28  368   6     10    23    6     34
     1974
     14 Jun    01:52:40  368   4     11    20    10    30
     1974
     13 Jun    09:40:00  368   7     10    24    6     29
     1974
     13 Jun    20:17:04  367   6     14    23    8     26
     1974
     13 Jun    18:37:04  367   6     7     23    4     28
     1974
     13 Jun    14:21:52  367   5     13    25    7     27
     1974
     14 Jun    02:21:04  366   5     13    21    5     30
     1974
     13 Jun    23:21:28  366   6     13    23    8     25
     1974
     14 Jun    00:48:24  364   6     15    23    6     26
     1974
     13 Jun    04:02:40  364   8     11    22    9     29
     1974
     14 Jun    02:40:16  362   6     11    21    10    27
     1974
     13 Jun    08:02:48  362   4     10    19    9     29
     1974
     13 Jun    11:20:08  361   2     7     19    11    27
     1974
     13 Jun    22:05:20  359   8     10    24    10    27
     1974
     13 Jun    18:32:56  359   2     6     20    6     29
     1974
     13 Jun    20:23:44  359   6     9     19    9     24
     1974
     13 Jun    20:08:00  359   7     8     22    5     27
     1974
     13 Jun    05:38:24  359   6     12    20    9     28
     1974
     13 Jun    09:19:28  358   6     16    20    9     25
     1974
     13 Jun    16:04:40  358   6     14    25    7     30
     1974
     13 Jun    11:50:24  358   8     14    21    10    25
     1974
     14 Jun    01:48:24  358   8     15    23    11    26
     1974
     14 Jun    00:11:52  357   4     10    20    9     30
     1974
     13 Jun    06:25:28  356   5     9     20    11    23
     1974
     13 Jun    08:34:40  356   6     9     20    10    25
     1974
     13 Jun    20:32:40  356   5     11    22    9     25
     1974
     13 Jun    15:17:20  356   6     11    19    11    25
     1974
     13 Jun    18:31:04  355   5     11    19    8     26
     1974
     13 Jun    19:42:40  354   7     10    21    10    23
     1974
     13 Jun    20:09:28  354   4     16    23    7     23
     1974
     13 Jun    04:09:52  354   2     9     19    9     25
     1974
     13 Jun    21:53:04  354   5     12    20    7     29
     1974
     14 Jun    02:56:56  354   7     9     22    8     25
     1974
     13 Jun    20:46:16  353   6     10    20    9     23
     1974
     13 Jun    14:53:12  353   5     8     20    9     26
     1974
     14 Jun    01:11:44  352   5     11    20    9     25
     1974
     13 Jun    12:06:48  352   4     10    26    4     33
     1974
     13 Jun    05:16:56  351   6     8     17    7     26
     1974
     13 Jun    14:13:20  351   6     11    21    7     24
     1974
     14 Jun    00:32:32  350   6     8     22    7     24
     1974
     13 Jun    05:19:12  350   6     15    18    12    21
     1974
     13 Jun    05:30:56  350   2     10    22    8     27
     1974
     13 Jun    15:13:04  350   2     7     21    9     26
     1974
     14 Jun    00:24:32  350   6     10    19    11    27
     1974
     14 Jun    01:57:44  350   3     6     16    12    24
     1974
     14 Jun    02:07:04  349   6     6     17    11    25
     1974
     13 Jun    13:55:44  348   8     13    17    12    21
     1974
     13 Jun    15:05:04  348   3     10    23    4     24
     1974
     13 Jun    03:22:56  347   3     7     16    9     26
     1974
     13 Jun    08:25:28  346   5     13    21    6     28
     1974
     13 Jun    14:10:56  344   1     3     21    8     25
     1974
     13 Jun    16:41:20  344   7     12    19    9     24
     1974
     13 Jun    06:44:08  343   4     7     21    7     24
     1974
     13 Jun    05:29:20  343   3     4     19    8     26
     1974
     14 Jun    01:20:16  343   3     4     20    10    23
     1974
     13 Jun    17:15:04  343   4     10    19    10    20
     1974
     13 Jun    09:10:48  343   8     15    23    8     27
     1974
     13 Jun    13:28:00  342   1     11    18    9     25
     1974
     13 Jun    17:17:04  341   2     10    19    8     23
     1974
     13 Jun    07:44:56  341   4     8     22    7     27
     1974
     13 Jun    19:04:48  340   6     9     19    6     27
     1974
     14 Jun    01:56:40  340   4     7     18    10    24
     1974
     13 Jun    03:05:44  340   9     12    25    4     27
     1974
     13 Jun    23:22:48  339   7     11    19    10    23
     1974
     13 Jun    14:28:08  339   3     9     19    8     25
     1974
     13 Jun    09:43:20  339   5     10    24    5     26
     1974
     13 Jun    09:22:56  338   5     11    23    6     26
     1974
     13 Jun    16:53:44  338   7     9     22    7     24
     1974
     13 Jun    18:46:48  338   8     11    19    8     26
     1974
     13 Jun    21:46:08  338   3     6     22    6     28
     1974
     13 Jun    17:37:44  337   5     10    20    11    24
     1974
     13 Jun    11:23:36  337   4     6     20    8     25
     1974