     11 Mar    16:46:24  512   9     17    31    14    37
     2000
     11 Mar    10:39:20  467   5     9     26    12    31
     2000
     11 Mar    03:02:08  464   12    20    24    14    31
     2000
     11 Mar    12:58:32  450   6     11    24    13    33
     2000
     11 Mar    07:40:00  444   9     14    22    17    26
     2000
     11 Mar    15:49:36  432   5     10    24    13    28
     2000
     11 Mar    15:00:32  429   7     13    24    12    28
     2000
     11 Mar    02:50:48  427   5     10    22    14    27
     2000
     11 Mar    02:56:08  425   8     13    22    12    28
     2000
     11 Mar    11:10:00  422   6     13    27    10    31
     2000
     11 Mar    17:09:28  421   4     11    24    9     32
     2000
     11 Mar    02:52:08  420   3     9     20    13    27
     2000
     11 Mar    09:23:36  419   6     12    23    11    29
     2000
     11 Mar    16:08:48  413   7     15    24    12    26
     2000
     11 Mar    09:44:24  406   7     12    21    11    28
     2000
     11 Mar    09:21:04  406   4     11    22    14    24
     2000
     11 Mar    15:24:56  405   5     15    21    11    27
     2000
     11 Mar    04:03:04  405   8     9     23    11    25
     2000
     11 Mar    13:18:56  400   5     9     24    8     28
     2000
     11 Mar    08:16:24  394   6     10    20    14    24
     2000
     11 Mar    13:49:52  391   7     12    22    11    24
     2000
     11 Mar    15:29:28  390   7     12    22    14    25
     2000
     11 Mar    02:21:28  389   8     13    18    15    23
     2000
     11 Mar    06:31:28  388   4     9     22    7     31
     2000
     11 Mar    13:41:12  382   5     8     21    9     29
     2000
     11 Mar    17:53:52  382   8     16    22    10    28
     2000
     11 Mar    11:26:48  381   3     7     21    11    25
     2000
     11 Mar    07:49:20  380   5     9     21    10    25
     2000
     11 Mar    15:12:00  379   2     7     18    11    24
     2000
     11 Mar    04:07:04  376   2     8     18    11    26
     2000
     11 Mar    13:40:00  374   5     13    22    13    24
     2000
     11 Mar    15:44:40  372   5     12    22    12    23
     2000
     11 Mar    12:09:04  370   6     11    22    9     27
     2000
     11 Mar    06:30:16  369   8     10    22    8     28
     2000
     11 Mar    10:03:44  365   3     7     20    8     31
     2000
     11 Mar    02:53:28  363   2     4     19    10    25
     2000
     11 Mar    16:20:56  359   4     12    21    8     28
     2000
     11 Mar    06:06:56  358   7     15    21    8     27
     2000
     11 Mar    15:50:56  357   4     10    23    8     27
     2000
     11 Mar    16:40:32  353   4     13    22    4     26
     2000
     11 Mar    04:12:16  350   8     11    23    8     27
     2000
     11 Mar    02:31:20  350   4     8     19    10    22
     2000
     11 Mar    10:25:52  350   6     11    19    12    21
     2000
     11 Mar    07:37:12  350   4     9     21    6     27
     2000
     11 Mar    08:01:36  349   5     10    22    9     26
     2000
     11 Mar    08:37:44  348   3     8     18    10    22
     2000
     11 Mar    10:02:32  347   3     6     18    11    25
     2000
     11 Mar    10:27:28  346   9     16    21    7     24
     2000
     11 Mar    03:27:52  346   5     8     20    10    20
     2000
     11 Mar    08:28:24  346   5     11    17    9     24
     2000
     11 Mar    05:13:12  345   3     11    20    8     24
     2000
     11 Mar    12:28:48  343   5     13    21    9     23
     2000
     11 Mar    11:36:00  343   3     11    21    7     26
     2000
     11 Mar    14:10:40  343   10    11    20    9     23
     2000
     11 Mar    14:19:04  343   9     14    20    8     25
     2000
     11 Mar    11:28:48  342   7     11    19    7     23
     2000
     11 Mar    11:37:04  342   1     8     18    9     26
     2000
     11 Mar    09:25:36  340   6     9     22    8     23
     2000
     11 Mar    08:22:08  340   3     11    19    10    22
     2000
     11 Mar    05:36:56  340   4     13    20    5     27
     2000
     11 Mar    17:30:08  339   4     7     20    8     25
     2000
     11 Mar    05:35:28  339   5     12    20    6     28
     2000
     11 Mar    10:23:36  338   5     10    17    9     21
     2000
     11 Mar    03:20:40  338   6     8     21    6     27
     2000
     11 Mar    10:15:36  337   5     10    19    9     24
     2000
     11 Mar    11:38:48  337   1     6     22    7     23
     2000
     11 Mar    05:01:36  336   4     11    22    7     25
     2000
     11 Mar    06:48:48  336   6     8     18    7     23
     2000
     11 Mar    16:04:24  336   2     6     19    9     22
     2000
     11 Mar    08:49:36  335   7     11    21    5     28
     2000
     11 Mar    11:06:16  335   2     7     19    10    21
     2000
     11 Mar    13:38:08  335   7     10    21    8     23
     2000
     11 Mar    04:48:32  334   4     5     18    10    25
     2000
     11 Mar    05:23:28  333   2     5     21    5     25
     2000
     11 Mar    11:13:36  333   4     9     18    9     24
     2000
     11 Mar    14:38:48  333   1     5     17    11    21
     2000
     11 Mar    17:36:24  331   6     11    20    6     25
     2000
     11 Mar    10:37:36  331   6     10    19    9     24
     2000
     11 Mar    10:05:44  331   4     10    17    11    20
     2000
     11 Mar    15:26:56  331   3     7     19    11    20
     2000
     11 Mar    10:06:48  331   3     8     18    10    21
     2000
     11 Mar    14:06:48  331   4     6     18    9     21
     2000
     11 Mar    05:29:04  330   3     9     18    8     25
     2000
     11 Mar    09:01:52  330   5     10    18    8     25
     2000
     11 Mar    10:53:28  330   5     13    19    7     26
     2000
     11 Mar    11:48:40  329   6     8     19    7     25
     2000
     11 Mar    09:40:32  328   5     11    20    9     23
     2000
     11 Mar    17:50:32  327   6     12    20    8     22
     2000
     11 Mar    11:19:52  327   3     8     19    8     19
     2000
     11 Mar    14:26:56  326   5     9     16    10    23
     2000
     11 Mar    07:46:40  326   5     11    17    11    20
     2000
     11 Mar    06:10:08  324   4     9     19    7     26
     2000
     11 Mar    09:29:36  323   3     9     18    9     21
     2000
     11 Mar    14:43:04  323   4     10    17    10    23
     2000
     11 Mar    02:30:08  323   4     7     17    10    23
     2000
     11 Mar    17:00:56  322   7     11    20    8     25
     2000
     11 Mar    10:18:56  322   3     10    18    11    22
     2000
     11 Mar    07:56:48  322   6     7     19    8     21
     2000
     11 Mar    11:23:36  322   5     9     17    7     25
     2000
     11 Mar    05:15:36  321   7     14    20    6     25
     2000
     11 Mar    02:07:28  320   5     8     18    9     23
     2000
     11 Mar    02:12:40  320   5     11    15    9     21
     2000
     11 Mar    17:35:20  318   6     9     19    5     25
     2000
     11 Mar    03:43:36  318   5     9     18    7     27
     2000
     11 Mar    02:11:28  316   5     12    18    8     18
     2000
     11 Mar    08:00:24  316   5     12    18    7     25
     2000
     11 Mar    05:48:08  315   5     10    17    11    20
     2000
     11 Mar    06:58:08  314   8     11    19    5     24
     2000
     11 Mar    15:36:24  314   5     10    18    9     22
     2000
     11 Mar    04:56:56  312   1     13    19    7     23
     2000
     11 Mar    17:58:48  312   7     11    21    7     24
     2000
     11 Mar    17:28:08  312   6     8     20    6     22
     2000
     11 Mar    04:23:04  312   4     8     17    8     22
     2000
     11 Mar    04:51:36  311   3     4     17    10    20
     2000
     11 Mar    10:12:00  311   5     13    21    7     23
     2000
     11 Mar    05:39:04  310   5     15    18    10    21
     2000
     11 Mar    05:22:08  310   2     4     20    6     24
     2000
     11 Mar    10:14:32  309   5     9     18    8     25
     2000
     11 Mar    03:12:56  308   7     9     18    8     21
     2000
     11 Mar    02:37:20  308   5     11    15    10    19
     2000
     11 Mar    13:20:16  307   9     10    16    7     26
     2000
     11 Mar    08:05:12  306   3     8     16    10    18
     2000
     11 Mar    13:55:04  306   3     9     16    10    20
     2000
     11 Mar    03:57:20  306   5     9     17    7     23
     2000
     11 Mar    15:54:08  306   5     7     15    8     22
     2000
     11 Mar    05:17:12  305   4     11    18    8     22
     2000
     11 Mar    02:44:08  305   2     10    18    6     24
     2000
     11 Mar    08:14:40  305   6     11    15    10    23
     2000
     11 Mar    05:09:36  302   3     10    18    8     23
     2000
     11 Mar    07:13:28  302   2     3     18    7     23
     2000
     11 Mar    10:22:00  302   9     12    15    9     20
     2000
     11 Mar    08:11:36  302   1     9     17    9     20
     2000
     11 Mar    10:00:16  302   5     9     17    7     21
     2000
     11 Mar    09:17:36  302   4     9     18    8     20
     2000
     11 Mar    15:07:04  302   8     11    18    7     25
     2000
     11 Mar    10:33:12  302   2     5     16    9     21
     2000
     11 Mar    16:53:28  301   2     5     17    6     24
     2000
     11 Mar    11:50:32  301   4     5     15    7     22
     2000
     11 Mar    12:17:04  300   5     9     18    5     22
     2000
     11 Mar    04:58:56  300   5     8     19    6     24
     2000
     11 Mar    15:08:32  300   3     7     15    9     22
     2000
     11 Mar    16:57:04  300   5     10    19    7     23
     2000
     11 Mar    05:27:44  300   4     8     18    6     23
     2000
     11 Mar    06:23:28  299   5     7     15    9     18
     2000
     11 Mar    09:12:56  298   5     7     15    9     22
     2000
     11 Mar    02:48:16  297   3     5     15    8     23
     2000
     11 Mar    02:09:12  296   7     9     15    9     22
     2000
     11 Mar    13:23:52  296   5     10    15    9     18
     2000
     11 Mar    08:47:36  296   10    11    16    8     22
     2000
     11 Mar    11:59:36  295   2     8     19    8     22
     2000