



     Polaris V1.1                                 Printed  Oct 07 2024  01:15:09
                             13h30 Chart T
                        Rectification Results - Radix

     From : 11 Mar 2000       To : 12 Mar 2000  
     02:00:00  GMT            02:00:00  GMT
     Longitude : 028E02' Set 1 ( 13 events)  Orbs : 5.6/10.8
     31"
     Latitude    :       Peaks Sorted By T   Interval : 8 s
     26S10' 36"

     Date      Time      T     A     B     C     D     E
     11 Mar    21:26:48  422   8     14    22    13    26
     2000
     11 Mar    19:38:16  383   7     11    20    13    24
     2000
     11 Mar    16:46:24  376   6     12    22    10    28
     2000
     11 Mar    11:26:48  375   3     7     21    11    24
     2000
     11 Mar    18:47:20  362   5     12    20    10    23
     2000
     11 Mar    20:30:00  359   3     6     18    12    22
     2000
     11 Mar    22:25:44  359   5     12    19    10    23
     2000
     11 Mar    20:12:40  357   5     13    19    11    22
     2000
     12 Mar    01:36:32  355   7     12    19    11    22
     2000
     11 Mar    20:16:24  351   5     7     19    8     22
     2000
     12 Mar    00:24:32  351   6     13    19    9     27
     2000
     11 Mar    18:29:20  345   5     10    18    8     28
     2000
     11 Mar    13:49:36  344   7     14    19    10    21
     2000
     11 Mar    07:49:20  344   3     6     18    9     22
     2000
     11 Mar    15:49:36  344   5     7     17    13    21
     2000
     11 Mar    12:58:40  342   2     8     18    10    24
     2000
     11 Mar    02:56:16  342   7     10    18    9     22
     2000
     11 Mar    17:09:28  341   4     9     19    6     27
     2000
     11 Mar    20:20:08  340   6     11    16    9     23
     2000
     11 Mar    06:06:56  338   6     14    20    8     24
     2000
     11 Mar    07:39:28  337   7     8     17    12    20
     2000
     11 Mar    02:50:48  337   5     9     18    10    23
     2000
     11 Mar    07:40:56  337   5     12    20    9     21
     2000
     11 Mar    05:12:56  335   4     11    19    8     22
     2000
     11 Mar    21:21:44  332   5     11    17    13    17
     2000
     12 Mar    00:46:56  330   4     8     21    9     24
     2000



     11 Mar    11:28:48  330   6     10    18    7     22
     2000
     11 Mar    09:02:00  326   5     10    18    8     24
     2000
     11 Mar    19:58:08  324   5     8     16    11    19
     2000
     11 Mar    18:08:32  323   5     11    17    9     20
     2000
     11 Mar    22:38:08  322   4     8     17    10    24
     2000
     11 Mar    13:41:12  320   5     8     17    8     24
     2000
     11 Mar    04:06:40  320   3     8     15    11    18
     2000
     11 Mar    10:05:44  319   4     10    17    11    18
     2000
     11 Mar    10:06:48  319   3     8     17    10    20
     2000
     11 Mar    20:00:56  318   4     8     16    9     21
     2000
     12 Mar    00:03:36  318   4     8     18    10    20
     2000
     11 Mar    20:04:56  316   3     9     17    9     19
     2000
     11 Mar    23:47:20  316   7     8     17    7     21
     2000
     12 Mar    01:29:20  316   5     7     16    9     22
     2000
     11 Mar    08:27:52  314   5     11    18    8     21
     2000
     11 Mar    02:12:40  314   5     11    15    9     20
     2000
     11 Mar    03:27:52  314   5     8     18    10    18
     2000
     11 Mar    19:54:24  313   4     7     16    10    21
     2000
     11 Mar    15:50:56  313   4     9     20    8     23
     2000
     11 Mar    22:41:04  312   6     11    17    9     22
     2000
     12 Mar    00:30:08  312   3     8     17    10    21
     2000
     11 Mar    03:02:24  312   6     11    15    11    22
     2000
     11 Mar    17:54:16  311   6     12    19    9     20
     2000
     11 Mar    13:55:04  310   3     9     17    10    20
     2000
     12 Mar    01:30:24  310   4     9     18    6     21
     2000
     11 Mar    15:29:28  310   5     10    18    10    21
     2000
     11 Mar    10:27:28  308   7     13    18    7     21
     2000
     11 Mar    02:21:04  307   6     10    14    11    19
     2000
     11 Mar    10:12:00  305   5     13    21    7     22
     2000
     11 Mar    15:24:56  305   3     9     15    8     21
     2000
     11 Mar    11:36:00  305   2     10    19    6     23
     2000
     11 Mar    08:16:24  304   4     8     15    11    17
     2000
     12 Mar    01:34:08  304   4     8     18    7     21
     2000



     11 Mar    19:19:28  304   3     4     18    5     26
     2000
     12 Mar    00:15:28  303   6     12    18    7     20
     2000
     11 Mar    23:33:04  303   3     7     17    8     21
     2000
     11 Mar    10:00:16  302   5     9     17    7     21
     2000
     11 Mar    04:12:16  302   5     8     20    6     24
     2000
     11 Mar    22:10:08  302   3     10    17    7     24
     2000
     11 Mar    11:10:00  302   6     9     20    6     24
     2000
     11 Mar    08:01:36  301   5     9     18    9     20
     2000
     11 Mar    16:08:48  301   4     10    17    9     19
     2000
     12 Mar    00:16:32  300   6     11    15    9     19
     2000
     11 Mar    14:10:40  299   8     9     15    9     18
     2000
     11 Mar    18:13:52  299   4     9     14    9     23
     2000
     11 Mar    13:39:52  298   3     9     15    12    17
     2000
     12 Mar    00:23:20  298   4     11    17    8     22
     2000
     11 Mar    11:19:52  295   3     6     17    8     17
     2000
     11 Mar    20:37:12  295   5     9     17    10    18
     2000
     11 Mar    21:52:48  293   5     8     17    8     20
     2000
     11 Mar    02:48:16  293   3     5     15    8     22
     2000
     11 Mar    05:35:28  293   5     11    17    6     22
     2000
     11 Mar    14:38:48  293   1     5     15    9     19
     2000
     11 Mar    19:51:44  292   2     8     17    7     20
     2000
     11 Mar    15:12:00  291   2     5     14    8     18
     2000
     11 Mar    07:37:12  290   2     7     19    4     23
     2000
     11 Mar    10:24:16  290   1     7     15    8     20
     2000
     11 Mar    08:26:40  290   3     6     20    6     22
     2000
     11 Mar    22:27:20  289   2     7     14    9     19
     2000
     11 Mar    20:23:44  289   6     12    17    6     20
     2000
     11 Mar    04:58:56  288   5     8     19    6     22
     2000
     11 Mar    05:39:04  288   5     13    16    10    18
     2000
     11 Mar    05:37:28  288   6     15    18    5     22
     2000
     11 Mar    04:03:04  286   8     9     17    8     18
     2000
     11 Mar    23:44:32  286   4     5     15    7     21
     2000
     11 Mar    12:29:36  286   2     7     16    10    17
     2000



     11 Mar    19:44:24  285   3     7     17    8     21
     2000
     11 Mar    11:13:36  285   4     9     15    8     19
     2000
     11 Mar    15:41:20  285   2     6     16    7     19
     2000
     11 Mar    23:10:32  285   2     6     15    6     19
     2000
     11 Mar    09:00:24  284   4     10    18    5     21
     2000
     11 Mar    10:03:44  283   3     7     17    5     24
     2000
     11 Mar    17:36:24  283   6     11    18    6     19
     2000
     11 Mar    12:09:04  282   4     9     18    6     22
     2000
     11 Mar    10:18:56  282   3     8     16    10    18
     2000
     12 Mar    00:31:44  281   6     11    16    7     20
     2000
     11 Mar    02:44:08  281   2     8     16    6     22
     2000
     11 Mar    11:30:16  281   6     10    16    8     23
     2000
     11 Mar    15:26:56  281   3     7     17    9     18
     2000
     11 Mar    11:23:36  280   5     7     14    7     21
     2000
     11 Mar    05:27:36  280   4     8     16    6     21
     2000
     11 Mar    14:00:32  280   3     9     15    8     19
     2000
     11 Mar    17:58:48  280   7     11    18    7     21
     2000
     11 Mar    15:16:56  280   5     9     18    6     22
     2000
     11 Mar    15:44:08  279   5     9     15    9     19
     2000
     11 Mar    16:49:28  279   3     7     16    7     19
     2000
     11 Mar    10:14:32  279   5     7     16    8     22
     2000
     11 Mar    15:00:24  279   5     11    16    8     18
     2000
     11 Mar    09:23:28  279   4     9     15    7     21
     2000
     11 Mar    16:20:48  279   3     7     16    6     21
     2000
     11 Mar    03:57:20  278   5     9     16    6     20
     2000
     11 Mar    10:25:52  278   4     8     15    10    17
     2000
     11 Mar    20:25:20  277   4     5     17    5     23
     2000
     11 Mar    23:20:56  277   3     7     15    7     19
     2000
     11 Mar    08:37:44  277   3     7     15    7     18
     2000
     11 Mar    10:15:36  277   5     9     16    8     19
     2000
     11 Mar    17:30:08  277   4     7     15    8     19
     2000
     11 Mar    14:18:40  277   7     13    15    8     19
     2000
     11 Mar    08:00:24  276   5     11    16    7     20
     2000



     11 Mar    17:01:44  276   6     9     16    7     23
     2000
     11 Mar    21:13:44  275   4     6     15    7     21
     2000
     11 Mar    11:59:36  275   2     8     17    8     20
     2000
     12 Mar    00:07:12  275   4     10    16    8     18
     2000
     11 Mar    13:23:52  274   5     9     14    9     16
     2000
     11 Mar    02:07:28  274   5     8     16    7     20
     2000
     11 Mar    18:03:36  273   4     7     15    6     21
     2000
     11 Mar    19:53:04  273   2     8     16    4     21
     2000
     11 Mar    13:18:56  273   4     7     16    6     19
     2000
     11 Mar    16:57:04  272   4     7     16    7     20
     2000
     11 Mar    07:13:28  272   1     2     16    7     20
     2000
     11 Mar    03:20:40  272   4     6     15    6     20
     2000
     12 Mar    01:47:36  271   6     12    18    6     21
     2000
     11 Mar    09:29:36  271   3     9     15    9     17
     2000
     11 Mar    18:34:56  271   2     7     17    4     22
     2000
     11 Mar    07:22:08  271   4     7     15    7     20
     2000
     11 Mar    18:04:56  270   4     10    15    7     20
     2000
     11 Mar    09:20:40  270   2     6     14    10    16
     2000
     11 Mar    21:41:36  270   5     7     16    7     20
     2000
     11 Mar    11:39:20  270   1     5     14    8     19
     2000
     11 Mar    02:42:24  270   6     8     16    6     19
     2000
     11 Mar    20:45:52  269   4     8     15    7     19
     2000
     11 Mar    05:15:36  269   4     11    15    6     20
     2000
     12 Mar    00:53:12  269   4     10    15    6     18
     2000
     11 Mar    10:33:04  268   1     4     13    8     18
     2000