



     Polaris V1.1                                 Printed  Oct 06 2024  16:47:04
                             13h30 Chart T
                        Rectification Results - Radix

     From : 11 Mar 2000       To : 12 Mar 2000  
     02:00:00  GMT            02:00:00  GMT
     Longitude : 028E02' Set 1 ( 13 events)  Orbs : 5.6/10.8
     31"
     Latitude    :       Peaks Sorted By T   Interval : 8 s
     26S10' 36"

     Date      Time      T     A     B     C     D     E
     11 Mar    12:09:04  434   6     15    24    12    30
     2000
     11 Mar    11:26:48  415   3     7     23    13    26
     2000
     11 Mar    02:57:44  404   7     14    20    13    27
     2000
     11 Mar    21:26:48  402   8     14    21    12    25
     2000
     11 Mar    20:12:40  397   7     15    21    13    24
     2000
     12 Mar    00:24:32  391   6     15    21    11    29
     2000
     11 Mar    16:46:24  388   6     12    23    10    29
     2000
     11 Mar    02:50:48  387   5     9     20    12    25
     2000
     11 Mar    11:10:00  380   6     9     23    10    27
     2000
     11 Mar    10:18:32  371   7     15    23    12    24
     2000
     11 Mar    11:27:52  369   4     7     21    9     25
     2000
     11 Mar    06:07:20  368   6     13    23    5     28
     2000
     11 Mar    20:30:08  363   2     5     18    11    21
     2000
     11 Mar    20:16:24  363   6     8     20    8     23
     2000
     12 Mar    00:46:56  362   4     8     23    9     26
     2000
     12 Mar    01:29:20  362   4     8     17    11    25
     2000
     11 Mar    18:47:20  356   5     10    19    11    22
     2000
     11 Mar    20:04:56  356   3     12    19    11    21
     2000
     12 Mar    01:36:32  355   7     12    19    11    22
     2000
     11 Mar    13:55:04  354   3     9     19    12    23
     2000
     11 Mar    02:04:48  352   5     11    19    10    23
     2000
     11 Mar    19:51:52  348   1     9     20    10    22
     2000
     11 Mar    02:48:16  348   5     6     18    11    25
     2000
     11 Mar    04:02:16  348   7     12    19    7     21
     2000
     12 Mar    00:03:36  348   4     9     20    10    24
     2000
     11 Mar    22:39:12  346   6     9     20    8     26
     2000



     11 Mar    20:06:40  342   4     8     20    11    22
     2000
     11 Mar    08:16:24  340   4     10    18    12    20
     2000
     11 Mar    18:08:32  339   7     13    19    9     22
     2000
     11 Mar    18:29:20  337   5     10    17    8     27
     2000
     11 Mar    03:02:24  336   7     11    17    11    24
     2000
     11 Mar    22:41:04  336   8     12    20    8     24
     2000
     11 Mar    15:41:20  333   2     10    19    9     21
     2000
     11 Mar    11:36:00  332   3     8     20    6     27
     2000
     11 Mar    20:00:56  330   4     8     16    9     23
     2000
     11 Mar    14:38:48  329   3     7     16    12    20
     2000
     11 Mar    04:06:40  328   5     9     16    11    19
     2000
     11 Mar    22:25:44  323   4     10    17    9     21
     2000
     11 Mar    08:49:36  323   4     8     16    8     23
     2000
     11 Mar    12:58:40  323   1     7     17    9     24
     2000
     11 Mar    05:12:56  319   3     10    18    8     21
     2000
     11 Mar    10:06:48  319   5     8     17    10    20
     2000
     11 Mar    07:39:28  317   6     7     16    11    19
     2000
     12 Mar    00:08:24  316   5     10    16    10    20
     2000
     11 Mar    20:20:08  315   6     10    15    8     22
     2000
     11 Mar    10:15:36  313   6     9     17    11    20
     2000
     11 Mar    15:51:20  312   4     11    20    8     22
     2000
     11 Mar    05:06:16  312   7     9     19    8     24
     2000
     11 Mar    21:21:20  311   5     11    19    10    19
     2000
     11 Mar    20:25:12  311   6     7     19    7     25
     2000
     11 Mar    03:13:12  311   6     8     16    8     20
     2000
     11 Mar    17:01:44  310   6     9     18    9     24
     2000
     11 Mar    04:58:56  310   4     9     20    6     24
     2000
     11 Mar    15:49:44  310   5     6     15    11    21
     2000
     11 Mar    11:23:36  308   6     10    17    8     24
     2000
     11 Mar    19:38:16  308   5     7     16    10    20
     2000
     11 Mar    14:46:32  308   5     10    17    9     21
     2000
     11 Mar    13:49:52  306   7     13    18    7     21
     2000
     11 Mar    09:00:24  304   4     9     19    5     22
     2000



     11 Mar    13:41:12  302   5     8     16    8     21
     2000
     11 Mar    22:10:08  302   3     10    17    7     24
     2000
     11 Mar    15:26:56  302   3     9     19    9     20
     2000
     11 Mar    06:10:08  302   4     9     20    7     23
     2000
     11 Mar    19:54:24  301   4     7     16    9     21
     2000
     11 Mar    20:37:12  301   5     8     17    10    18
     2000
     11 Mar    08:27:44  301   5     10    19    7     22
     2000
     11 Mar    09:01:52  301   5     9     17    7     23
     2000
     12 Mar    00:30:08  300   4     9     17    10    20
     2000
     11 Mar    18:13:52  299   4     9     14    9     23
     2000
     11 Mar    19:58:08  299   5     8     15    10    18
     2000
     11 Mar    03:57:20  298   5     9     17    7     21
     2000
     11 Mar    19:20:00  298   2     9     17    8     21
     2000
     11 Mar    10:12:00  297   5     12    20    7     21
     2000
     11 Mar    22:26:48  296   1     4     15    10    18
     2000
     11 Mar    21:08:08  296   3     11    15    11    18
     2000
     12 Mar    00:15:36  296   5     10    16    8     18
     2000
     11 Mar    11:19:52  295   3     6     17    8     17
     2000
     11 Mar    03:43:36  294   4     8     15    7     24
     2000
     11 Mar    08:26:40  294   3     5     20    6     22
     2000
     11 Mar    10:14:32  293   5     7     17    8     23
     2000
     11 Mar    16:53:28  293   2     5     18    6     23
     2000
     11 Mar    10:00:16  292   4     8     17    5     22
     2000
     11 Mar    06:31:28  292   2     8     15    7     22
     2000
     12 Mar    00:53:12  291   5     9     16    7     19
     2000
     11 Mar    21:52:48  291   6     9     17    8     20
     2000
     11 Mar    16:39:44  291   6     11    17    9     19
     2000
     11 Mar    22:57:04  290   2     4     14    7     21
     2000
     11 Mar    23:47:20  290   7     8     16    6     19
     2000
     11 Mar    10:24:16  289   1     7     16    7     21
     2000
     11 Mar    04:56:56  288   3     11    17    7     21
     2000
     11 Mar    11:39:20  288   1     5     14    9     18
     2000
     11 Mar    15:35:52  286   5     10    17    8     19
     2000



     11 Mar    19:21:52  286   2     4     17    8     17
     2000
     11 Mar    21:06:56  286   3     10    15    8     20
     2000
     11 Mar    21:24:08  286   3     6     16    6     20
     2000
     11 Mar    23:10:32  285   2     6     15    6     19
     2000
     11 Mar    11:13:36  285   4     9     15    8     19
     2000
     11 Mar    03:22:24  285   2     8     17    8     20
     2000
     11 Mar    20:45:28  285   4     9     15    5     23
     2000
     12 Mar    00:58:32  285   4     7     14    6     20
     2000
     11 Mar    14:25:20  285   6     8     14    7     19
     2000
     11 Mar    17:09:28  284   4     7     17    4     23
     2000
     12 Mar    00:31:36  284   4     9     15    7     22
     2000
     11 Mar    06:30:16  284   7     8     17    7     20
     2000
     11 Mar    18:22:00  283   7     11    16    3     22
     2000
     11 Mar    02:21:28  283   6     10    13    10    17
     2000
     11 Mar    16:38:00  283   2     10    15    9     18
     2000
     11 Mar    10:27:36  283   6     11    16    6     20
     2000
     11 Mar    14:42:32  282   3     11    17    9     17
     2000
     11 Mar    14:18:08  282   3     6     13    10    17
     2000
     11 Mar    08:18:08  280   5     7     15    7     20
     2000
     11 Mar    16:24:16  280   4     8     17    8     19
     2000
     11 Mar    05:27:36  280   4     8     16    6     21
     2000
     11 Mar    16:49:28  279   3     7     16    7     19
     2000
     11 Mar    16:20:48  279   3     7     16    6     21
     2000
     11 Mar    02:07:28  278   4     7     17    7     21
     2000
     12 Mar    01:47:36  278   6     12    19    5     22
     2000
     11 Mar    08:06:32  277   6     6     15    10    17
     2000
     11 Mar    10:03:44  277   3     7     17    5     23
     2000
     11 Mar    23:43:28  277   6     8     14    9     19
     2000
     11 Mar    17:25:20  276   4     8     16    7     21
     2000
     11 Mar    04:12:08  276   5     8     21    3     24
     2000
     11 Mar    16:08:48  276   4     9     16    8     18
     2000
     11 Mar    15:24:56  276   2     8     14    7     20
     2000
     12 Mar    00:07:12  275   4     10    16    8     18
     2000



     11 Mar    09:23:28  275   6     11    16    6     22
     2000
     11 Mar    08:36:56  275   2     7     15    6     17
     2000
     11 Mar    07:41:20  274   2     6     16    8     17
     2000
     11 Mar    07:37:12  274   2     6     18    4     22
     2000
     12 Mar    00:32:48  274   6     9     14    7     20
     2000
     11 Mar    10:02:32  273   2     4     14    8     19
     2000
     11 Mar    02:44:08  273   2     8     15    6     21
     2000
     11 Mar    03:52:16  273   5     10    17    4     24
     2000
     11 Mar    15:29:28  273   4     8     16    9     19
     2000
     11 Mar    17:53:52  273   8     13    16    7     21
     2000
     11 Mar    19:13:28  272   3     8     15    7     18
     2000
     11 Mar    03:20:40  272   4     6     15    6     20
     2000
     11 Mar    06:23:44  272   6     6     15    6     21
     2000
     11 Mar    16:57:04  272   4     7     16    7     20
     2000
     11 Mar    17:58:00  271   3     10    19    4     19
     2000
     11 Mar    07:22:08  271   4     7     15    7     20
     2000
     11 Mar    19:24:24  270   1     6     13    7     19
     2000
     11 Mar    08:00:24  270   5     11    16    7     19
     2000
     11 Mar    19:44:00  270   2     6     16    6     19
     2000
     11 Mar    17:54:56  270   2     8     16    5     24
     2000
     11 Mar    07:13:28  270   2     3     16    6     22
     2000
     11 Mar    07:56:16  270   5     7     17    7     20
     2000
     11 Mar    16:36:40  269   0     6     14    7     18
     2000
     11 Mar    09:17:12  269   4     11    17    5     21
     2000
     11 Mar    23:20:56  269   4     8     15    7     19
     2000